Forecast DateTime,Pax,Staff,Total,Date,Hour,Rolling Hour Pax,Rolling Hour Staff,Rolling Hour Total
2026-09-14 03:00:00,85,43,128,2026-09-14,3,85.0,43.0,128.0
2026-09-14 03:15:00,207,65,272,2026-09-14,3,292.0,108.0,400.0
2026-09-14 03:30:00,281,39,320,2026-09-14,3,573.0,147.0,720.0
2026-09-14 03:45:00,428,55,483,2026-09-14,3,1001.0,202.0,1203.0
2026-09-14 04:00:00,589,30,619,2026-09-14,4,1505.0,189.0,1694.0
2026-09-14 04:15:00,622,33,655,2026-09-14,4,1920.0,157.0,2077.0
2026-09-14 04:30:00,636,63,699,2026-09-14,4,2275.0,181.0,2456.0
2026-09-14 04:45:00,548,65,613,2026-09-14,4,2395.0,191.0,2586.0
2026-09-14 05:00:00,512,47,559,2026-09-14,5,2318.0,208.0,2526.0
2026-09-14 05:15:00,502,42,544,2026-09-14,5,2198.0,217.0,2415.0
2026-09-14 05:30:00,455,51,506,2026-09-14,5,2017.0,205.0,2222.0
2026-09-14 05:45:00,471,64,535,2026-09-14,5,1940.0,204.0,2144.0
2026-09-14 06:00:00,490,47,537,2026-09-14,6,1918.0,204.0,2122.0
2026-09-14 06:15:00,473,40,513,2026-09-14,6,1889.0,202.0,2091.0
2026-09-14 06:30:00,552,41,593,2026-09-14,6,1986.0,192.0,2178.0
2026-09-14 06:45:00,511,50,561,2026-09-14,6,2026.0,178.0,2204.0
2026-09-14 07:00:00,408,35,443,2026-09-14,7,1944.0,166.0,2110.0
2026-09-14 07:15:00,459,44,503,2026-09-14,7,1930.0,170.0,2100.0
2026-09-14 07:30:00,505,32,537,2026-09-14,7,1883.0,161.0,2044.0
2026-09-14 07:45:00,527,39,566,2026-09-14,7,1899.0,150.0,2049.0
2026-09-14 08:00:00,484,35,519,2026-09-14,8,1975.0,150.0,2125.0
2026-09-14 08:15:00,492,26,518,2026-09-14,8,2008.0,132.0,2140.0
2026-09-14 08:30:00,530,24,554,2026-09-14,8,2033.0,124.0,2157.0
2026-09-14 08:45:00,500,31,531,2026-09-14,8,2006.0,116.0,2122.0
2026-09-14 09:00:00,504,26,530,2026-09-14,9,2026.0,107.0,2133.0
2026-09-14 09:15:00,476,34,510,2026-09-14,9,2010.0,115.0,2125.0
2026-09-14 09:30:00,484,52,536,2026-09-14,9,1964.0,143.0,2107.0
2026-09-14 09:45:00,418,55,473,2026-09-14,9,1882.0,167.0,2049.0
2026-09-14 10:00:00,417,50,467,2026-09-14,10,1795.0,191.0,1986.0
2026-09-14 10:15:00,430,60,490,2026-09-14,10,1749.0,217.0,1966.0
2026-09-14 10:30:00,448,41,489,2026-09-14,10,1713.0,206.0,1919.0
2026-09-14 10:45:00,523,41,564,2026-09-14,10,1818.0,192.0,2010.0
2026-09-14 11:00:00,576,47,623,2026-09-14,11,1977.0,189.0,2166.0
2026-09-14 11:15:00,589,47,636,2026-09-14,11,2136.0,176.0,2312.0
2026-09-14 11:30:00,662,58,720,2026-09-14,11,2350.0,193.0,2543.0
2026-09-14 11:45:00,626,66,692,2026-09-14,11,2453.0,218.0,2671.0
2026-09-14 12:00:00,614,56,670,2026-09-14,12,2491.0,227.0,2718.0
2026-09-14 12:15:00,610,54,664,2026-09-14,12,2512.0,234.0,2746.0
2026-09-14 12:30:00,548,62,610,2026-09-14,12,2398.0,238.0,2636.0
2026-09-14 12:45:00,531,65,596,2026-09-14,12,2303.0,237.0,2540.0
2026-09-14 13:00:00,476,42,518,2026-09-14,13,2165.0,223.0,2388.0
2026-09-14 13:15:00,458,52,510,2026-09-14,13,2013.0,221.0,2234.0
2026-09-14 13:30:00,494,50,544,2026-09-14,13,1959.0,209.0,2168.0
2026-09-14 13:45:00,431,39,470,2026-09-14,13,1859.0,183.0,2042.0
2026-09-14 14:00:00,356,31,387,2026-09-14,14,1739.0,172.0,1911.0
2026-09-14 14:15:00,317,42,359,2026-09-14,14,1598.0,162.0,1760.0
2026-09-14 14:30:00,373,30,403,2026-09-14,14,1477.0,142.0,1619.0
2026-09-14 14:45:00,368,30,398,2026-09-14,14,1414.0,133.0,1547.0
2026-09-14 15:00:00,375,17,392,2026-09-14,15,1433.0,119.0,1552.0
2026-09-14 15:15:00,474,24,498,2026-09-14,15,1590.0,101.0,1691.0
2026-09-14 15:30:00,466,29,495,2026-09-14,15,1683.0,100.0,1783.0
2026-09-14 15:45:00,427,25,452,2026-09-14,15,1742.0,95.0,1837.0
2026-09-14 16:00:00,343,26,369,2026-09-14,16,1710.0,104.0,1814.0
2026-09-14 16:15:00,328,18,346,2026-09-14,16,1564.0,98.0,1662.0
2026-09-14 16:30:00,353,21,374,2026-09-14,16,1451.0,90.0,1541.0
2026-09-14 16:45:00,369,18,387,2026-09-14,16,1393.0,83.0,1476.0
2026-09-14 17:00:00,415,14,429,2026-09-14,17,1465.0,71.0,1536.0
2026-09-14 17:15:00,448,17,465,2026-09-14,17,1585.0,70.0,1655.0
2026-09-14 17:30:00,453,16,469,2026-09-14,17,1685.0,65.0,1750.0
2026-09-14 17:45:00,537,21,558,2026-09-14,17,1853.0,68.0,1921.0
2026-09-14 18:00:00,421,25,446,2026-09-14,18,1859.0,79.0,1938.0
2026-09-14 18:15:00,321,17,338,2026-09-14,18,1732.0,79.0,1811.0
2026-09-14 18:30:00,268,17,285,2026-09-14,18,1547.0,80.0,1627.0
2026-09-14 18:45:00,222,15,237,2026-09-14,18,1232.0,74.0,1306.0
2026-09-14 19:00:00,168,12,180,2026-09-14,19,979.0,61.0,1040.0
2026-09-14 19:15:00,169,11,180,2026-09-14,19,827.0,55.0,882.0
2026-09-14 19:30:00,167,15,182,2026-09-14,19,726.0,53.0,779.0
2026-09-14 19:45:00,151,13,164,2026-09-14,19,655.0,51.0,706.0
2026-09-14 20:00:00,112,13,125,2026-09-14,20,599.0,52.0,651.0
2026-09-14 20:15:00,87,20,107,2026-09-14,20,517.0,61.0,578.0
2026-09-14 20:30:00,50,14,64,2026-09-14,20,400.0,60.0,460.0
2026-09-14 20:45:00,22,13,35,2026-09-14,20,271.0,60.0,331.0
2026-09-14 21:00:00,8,20,28,2026-09-14,21,167.0,67.0,234.0
2026-09-14 21:15:00,3,19,22,2026-09-14,21,83.0,66.0,149.0
2026-09-14 21:30:00,1,10,11,2026-09-14,21,34.0,62.0,96.0
2026-09-14 21:45:00,1,11,12,2026-09-14,21,13.0,60.0,73.0
2026-09-14 22:00:00,0,5,5,2026-09-14,22,5.0,45.0,50.0
2026-09-14 22:15:00,0,6,6,2026-09-14,22,2.0,32.0,34.0
2026-09-14 22:30:00,0,5,5,2026-09-14,22,1.0,27.0,28.0
2026-09-14 22:45:00,0,6,6,2026-09-14,22,0.0,22.0,22.0
2026-09-14 23:00:00,0,4,4,2026-09-14,23,0.0,21.0,21.0
2026-09-14 23:15:00,0,2,2,2026-09-14,23,0.0,17.0,17.0
2026-09-14 23:30:00,0,4,4,2026-09-14,23,0.0,16.0,16.0
2026-09-14 23:45:00,3,4,7,2026-09-14,23,3.0,14.0,17.0
2026-09-15 03:00:00,53,32,85,2026-09-15,3,53.0,32.0,85.0
2026-09-15 03:15:00,98,58,156,2026-09-15,3,151.0,90.0,241.0
2026-09-15 03:30:00,239,45,284,2026-09-15,3,390.0,135.0,525.0
2026-09-15 03:45:00,430,70,500,2026-09-15,3,820.0,205.0,1025.0
2026-09-15 04:00:00,507,36,543,2026-09-15,4,1274.0,209.0,1483.0
2026-09-15 04:15:00,593,41,634,2026-09-15,4,1769.0,192.0,1961.0
2026-09-15 04:30:00,667,65,732,2026-09-15,4,2197.0,212.0,2409.0
2026-09-15 04:45:00,622,73,695,2026-09-15,4,2389.0,215.0,2604.0
2026-09-15 05:00:00,530,53,583,2026-09-15,5,2412.0,232.0,2644.0
2026-09-15 05:15:00,494,34,528,2026-09-15,5,2313.0,225.0,2538.0
2026-09-15 05:30:00,363,37,400,2026-09-15,5,2009.0,197.0,2206.0
2026-09-15 05:45:00,354,63,417,2026-09-15,5,1741.0,187.0,1928.0
2026-09-15 06:00:00,407,49,456,2026-09-15,6,1618.0,183.0,1801.0
2026-09-15 06:15:00,347,36,383,2026-09-15,6,1471.0,185.0,1656.0
2026-09-15 06:30:00,304,37,341,2026-09-15,6,1412.0,185.0,1597.0
2026-09-15 06:45:00,335,39,374,2026-09-15,6,1393.0,161.0,1554.0
2026-09-15 07:00:00,383,25,408,2026-09-15,7,1369.0,137.0,1506.0
2026-09-15 07:15:00,448,38,486,2026-09-15,7,1470.0,139.0,1609.0
2026-09-15 07:30:00,447,33,480,2026-09-15,7,1613.0,135.0,1748.0
2026-09-15 07:45:00,463,41,504,2026-09-15,7,1741.0,137.0,1878.0
2026-09-15 08:00:00,423,36,459,2026-09-15,8,1781.0,148.0,1929.0
2026-09-15 08:15:00,460,32,492,2026-09-15,8,1793.0,142.0,1935.0
2026-09-15 08:30:00,465,29,494,2026-09-15,8,1811.0,138.0,1949.0
2026-09-15 08:45:00,517,32,549,2026-09-15,8,1865.0,129.0,1994.0
2026-09-15 09:00:00,481,31,512,2026-09-15,9,1923.0,124.0,2047.0
2026-09-15 09:15:00,451,32,483,2026-09-15,9,1914.0,124.0,2038.0
2026-09-15 09:30:00,408,56,464,2026-09-15,9,1857.0,151.0,2008.0
2026-09-15 09:45:00,430,53,483,2026-09-15,9,1770.0,172.0,1942.0
2026-09-15 10:00:00,428,66,494,2026-09-15,10,1717.0,207.0,1924.0
2026-09-15 10:15:00,428,46,474,2026-09-15,10,1694.0,221.0,1915.0
2026-09-15 10:30:00,390,48,438,2026-09-15,10,1676.0,213.0,1889.0
2026-09-15 10:45:00,374,43,417,2026-09-15,10,1620.0,203.0,1823.0
2026-09-15 11:00:00,374,51,425,2026-09-15,11,1566.0,188.0,1754.0
2026-09-15 11:15:00,408,52,460,2026-09-15,11,1546.0,194.0,1740.0
2026-09-15 11:30:00,425,52,477,2026-09-15,11,1581.0,198.0,1779.0
2026-09-15 11:45:00,424,55,479,2026-09-15,11,1631.0,210.0,1841.0
2026-09-15 12:00:00,504,64,568,2026-09-15,12,1761.0,223.0,1984.0
2026-09-15 12:15:00,531,60,591,2026-09-15,12,1884.0,231.0,2115.0
2026-09-15 12:30:00,503,59,562,2026-09-15,12,1962.0,238.0,2200.0
2026-09-15 12:45:00,465,51,516,2026-09-15,12,2003.0,234.0,2237.0
2026-09-15 13:00:00,451,39,490,2026-09-15,13,1950.0,209.0,2159.0
2026-09-15 13:15:00,455,54,509,2026-09-15,13,1874.0,203.0,2077.0
2026-09-15 13:30:00,377,65,442,2026-09-15,13,1748.0,209.0,1957.0
2026-09-15 13:45:00,329,40,369,2026-09-15,13,1612.0,198.0,1810.0
2026-09-15 14:00:00,325,25,350,2026-09-15,14,1486.0,184.0,1670.0
2026-09-15 14:15:00,352,37,389,2026-09-15,14,1383.0,167.0,1550.0
2026-09-15 14:30:00,316,35,351,2026-09-15,14,1322.0,137.0,1459.0
2026-09-15 14:45:00,304,28,332,2026-09-15,14,1297.0,125.0,1422.0
2026-09-15 15:00:00,347,27,374,2026-09-15,15,1319.0,127.0,1446.0
2026-09-15 15:15:00,364,27,391,2026-09-15,15,1331.0,117.0,1448.0
2026-09-15 15:30:00,388,29,417,2026-09-15,15,1403.0,111.0,1514.0
2026-09-15 15:45:00,388,26,414,2026-09-15,15,1487.0,109.0,1596.0
2026-09-15 16:00:00,349,22,371,2026-09-15,16,1489.0,104.0,1593.0
2026-09-15 16:15:00,318,25,343,2026-09-15,16,1443.0,102.0,1545.0
2026-09-15 16:30:00,224,18,242,2026-09-15,16,1279.0,91.0,1370.0
2026-09-15 16:45:00,229,24,253,2026-09-15,16,1120.0,89.0,1209.0
2026-09-15 17:00:00,222,16,238,2026-09-15,17,993.0,83.0,1076.0
2026-09-15 17:15:00,232,16,248,2026-09-15,17,907.0,74.0,981.0
2026-09-15 17:30:00,204,17,221,2026-09-15,17,887.0,73.0,960.0
2026-09-15 17:45:00,187,17,204,2026-09-15,17,845.0,66.0,911.0
2026-09-15 18:00:00,189,24,213,2026-09-15,18,812.0,74.0,886.0
2026-09-15 18:15:00,217,16,233,2026-09-15,18,797.0,74.0,871.0
2026-09-15 18:30:00,188,14,202,2026-09-15,18,781.0,71.0,852.0
2026-09-15 18:45:00,152,18,170,2026-09-15,18,746.0,72.0,818.0
2026-09-15 19:00:00,119,12,131,2026-09-15,19,676.0,60.0,736.0
2026-09-15 19:15:00,140,14,154,2026-09-15,19,599.0,58.0,657.0
2026-09-15 19:30:00,129,11,140,2026-09-15,19,540.0,55.0,595.0
2026-09-15 19:45:00,142,13,155,2026-09-15,19,530.0,50.0,580.0
2026-09-15 20:00:00,109,13,122,2026-09-15,20,520.0,51.0,571.0
2026-09-15 20:15:00,92,19,111,2026-09-15,20,472.0,56.0,528.0
2026-09-15 20:30:00,46,20,66,2026-09-15,20,389.0,65.0,454.0
2026-09-15 20:45:00,24,14,38,2026-09-15,20,271.0,66.0,337.0
2026-09-15 21:00:00,10,16,26,2026-09-15,21,172.0,69.0,241.0
2026-09-15 21:15:00,3,15,18,2026-09-15,21,83.0,65.0,148.0
2026-09-15 21:30:00,1,12,13,2026-09-15,21,38.0,57.0,95.0
2026-09-15 21:45:00,0,13,13,2026-09-15,21,14.0,56.0,70.0
2026-09-15 22:00:00,0,9,9,2026-09-15,22,4.0,49.0,53.0
2026-09-15 22:15:00,0,10,10,2026-09-15,22,1.0,44.0,45.0
2026-09-15 22:30:00,0,7,7,2026-09-15,22,0.0,39.0,39.0
2026-09-15 22:45:00,0,3,3,2026-09-15,22,0.0,29.0,29.0
2026-09-15 23:00:00,0,5,5,2026-09-15,23,0.0,25.0,25.0
2026-09-15 23:15:00,0,5,5,2026-09-15,23,0.0,20.0,20.0
2026-09-15 23:30:00,0,1,1,2026-09-15,23,0.0,14.0,14.0
2026-09-15 23:45:00,0,1,1,2026-09-15,23,0.0,12.0,12.0
2026-09-16 03:00:00,48,34,82,2026-09-16,3,48.0,34.0,82.0
2026-09-16 03:15:00,93,41,134,2026-09-16,3,141.0,75.0,216.0
2026-09-16 03:30:00,253,40,293,2026-09-16,3,394.0,115.0,509.0
2026-09-16 03:45:00,480,61,541,2026-09-16,3,874.0,176.0,1050.0
2026-09-16 04:00:00,608,32,640,2026-09-16,4,1434.0,174.0,1608.0
2026-09-16 04:15:00,651,34,685,2026-09-16,4,1992.0,167.0,2159.0
2026-09-16 04:30:00,655,50,705,2026-09-16,4,2394.0,177.0,2571.0
2026-09-16 04:45:00,622,71,693,2026-09-16,4,2536.0,187.0,2723.0
2026-09-16 05:00:00,534,58,592,2026-09-16,5,2462.0,213.0,2675.0
2026-09-16 05:15:00,479,51,530,2026-09-16,5,2290.0,230.0,2520.0
2026-09-16 05:30:00,456,50,506,2026-09-16,5,2091.0,230.0,2321.0
2026-09-16 05:45:00,414,51,465,2026-09-16,5,1883.0,210.0,2093.0
2026-09-16 06:00:00,435,42,477,2026-09-16,6,1784.0,194.0,1978.0
2026-09-16 06:15:00,406,48,454,2026-09-16,6,1711.0,191.0,1902.0
2026-09-16 06:30:00,411,34,445,2026-09-16,6,1666.0,175.0,1841.0
2026-09-16 06:45:00,450,35,485,2026-09-16,6,1702.0,159.0,1861.0
2026-09-16 07:00:00,482,27,509,2026-09-16,7,1749.0,144.0,1893.0
2026-09-16 07:15:00,486,38,524,2026-09-16,7,1829.0,134.0,1963.0
2026-09-16 07:30:00,487,35,522,2026-09-16,7,1905.0,135.0,2040.0
2026-09-16 07:45:00,422,32,454,2026-09-16,7,1877.0,132.0,2009.0
2026-09-16 08:00:00,392,27,419,2026-09-16,8,1787.0,132.0,1919.0
2026-09-16 08:15:00,442,27,469,2026-09-16,8,1743.0,121.0,1864.0
2026-09-16 08:30:00,529,31,560,2026-09-16,8,1785.0,117.0,1902.0
2026-09-16 08:45:00,521,36,557,2026-09-16,8,1884.0,121.0,2005.0
2026-09-16 09:00:00,527,25,552,2026-09-16,9,2019.0,119.0,2138.0
2026-09-16 09:15:00,529,38,567,2026-09-16,9,2106.0,130.0,2236.0
2026-09-16 09:30:00,484,52,536,2026-09-16,9,2061.0,151.0,2212.0
2026-09-16 09:45:00,469,60,529,2026-09-16,9,2009.0,175.0,2184.0
2026-09-16 10:00:00,432,51,483,2026-09-16,10,1914.0,201.0,2115.0
2026-09-16 10:15:00,391,50,441,2026-09-16,10,1776.0,213.0,1989.0
2026-09-16 10:30:00,432,48,480,2026-09-16,10,1724.0,209.0,1933.0
2026-09-16 10:45:00,429,50,479,2026-09-16,10,1684.0,199.0,1883.0
2026-09-16 11:00:00,450,47,497,2026-09-16,11,1702.0,195.0,1897.0
2026-09-16 11:15:00,516,49,565,2026-09-16,11,1827.0,194.0,2021.0
2026-09-16 11:30:00,554,52,606,2026-09-16,11,1949.0,198.0,2147.0
2026-09-16 11:45:00,581,61,642,2026-09-16,11,2101.0,209.0,2310.0
2026-09-16 12:00:00,513,43,556,2026-09-16,12,2164.0,205.0,2369.0
2026-09-16 12:15:00,463,52,515,2026-09-16,12,2111.0,208.0,2319.0
2026-09-16 12:30:00,444,70,514,2026-09-16,12,2001.0,226.0,2227.0
2026-09-16 12:45:00,515,64,579,2026-09-16,12,1935.0,229.0,2164.0
2026-09-16 13:00:00,485,49,534,2026-09-16,13,1907.0,235.0,2142.0
2026-09-16 13:15:00,529,38,567,2026-09-16,13,1973.0,221.0,2194.0
2026-09-16 13:30:00,508,46,554,2026-09-16,13,2037.0,197.0,2234.0
2026-09-16 13:45:00,418,27,445,2026-09-16,13,1940.0,160.0,2100.0
2026-09-16 14:00:00,399,32,431,2026-09-16,14,1854.0,143.0,1997.0
2026-09-16 14:15:00,343,32,375,2026-09-16,14,1668.0,137.0,1805.0
2026-09-16 14:30:00,332,40,372,2026-09-16,14,1492.0,131.0,1623.0
2026-09-16 14:45:00,329,28,357,2026-09-16,14,1403.0,132.0,1535.0
2026-09-16 15:00:00,395,30,425,2026-09-16,15,1399.0,130.0,1529.0
2026-09-16 15:15:00,375,24,399,2026-09-16,15,1431.0,122.0,1553.0
2026-09-16 15:30:00,379,18,397,2026-09-16,15,1478.0,100.0,1578.0
2026-09-16 15:45:00,371,21,392,2026-09-16,15,1520.0,93.0,1613.0
2026-09-16 16:00:00,365,27,392,2026-09-16,16,1490.0,90.0,1580.0
2026-09-16 16:15:00,254,36,290,2026-09-16,16,1369.0,102.0,1471.0
2026-09-16 16:30:00,223,18,241,2026-09-16,16,1213.0,102.0,1315.0
2026-09-16 16:45:00,266,18,284,2026-09-16,16,1108.0,99.0,1207.0
2026-09-16 17:00:00,227,12,239,2026-09-16,17,970.0,84.0,1054.0
2026-09-16 17:15:00,202,20,222,2026-09-16,17,918.0,68.0,986.0
2026-09-16 17:30:00,179,17,196,2026-09-16,17,874.0,67.0,941.0
2026-09-16 17:45:00,175,18,193,2026-09-16,17,783.0,67.0,850.0
2026-09-16 18:00:00,172,22,194,2026-09-16,18,728.0,77.0,805.0
2026-09-16 18:15:00,176,15,191,2026-09-16,18,702.0,72.0,774.0
2026-09-16 18:30:00,140,15,155,2026-09-16,18,663.0,70.0,733.0
2026-09-16 18:45:00,127,14,141,2026-09-16,18,615.0,66.0,681.0
2026-09-16 19:00:00,167,13,180,2026-09-16,19,610.0,57.0,667.0
2026-09-16 19:15:00,170,12,182,2026-09-16,19,604.0,54.0,658.0
2026-09-16 19:30:00,165,12,177,2026-09-16,19,629.0,51.0,680.0
2026-09-16 19:45:00,141,16,157,2026-09-16,19,643.0,53.0,696.0
2026-09-16 20:00:00,99,9,108,2026-09-16,20,575.0,49.0,624.0
2026-09-16 20:15:00,73,13,86,2026-09-16,20,478.0,50.0,528.0
2026-09-16 20:30:00,34,18,52,2026-09-16,20,347.0,56.0,403.0
2026-09-16 20:45:00,18,17,35,2026-09-16,20,224.0,57.0,281.0
2026-09-16 21:00:00,5,16,21,2026-09-16,21,130.0,64.0,194.0
2026-09-16 21:15:00,1,13,14,2026-09-16,21,58.0,64.0,122.0
2026-09-16 21:30:00,1,11,12,2026-09-16,21,25.0,57.0,82.0
2026-09-16 21:45:00,0,9,9,2026-09-16,21,7.0,49.0,56.0
2026-09-16 22:00:00,0,3,3,2026-09-16,22,2.0,36.0,38.0
2026-09-16 22:15:00,0,7,7,2026-09-16,22,1.0,30.0,31.0
2026-09-16 22:30:00,0,7,7,2026-09-16,22,0.0,26.0,26.0
2026-09-16 22:45:00,0,5,5,2026-09-16,22,0.0,22.0,22.0
2026-09-16 23:00:00,0,5,5,2026-09-16,23,0.0,24.0,24.0
2026-09-16 23:15:00,0,2,2,2026-09-16,23,0.0,19.0,19.0
2026-09-16 23:30:00,0,1,1,2026-09-16,23,0.0,13.0,13.0
2026-09-16 23:45:00,0,3,3,2026-09-16,23,0.0,11.0,11.0
2026-09-17 03:00:00,46,37,83,2026-09-17,3,46.0,37.0,83.0
2026-09-17 03:15:00,82,55,137,2026-09-17,3,128.0,92.0,220.0
2026-09-17 03:30:00,235,39,274,2026-09-17,3,363.0,131.0,494.0
2026-09-17 03:45:00,477,63,540,2026-09-17,3,840.0,194.0,1034.0
2026-09-17 04:00:00,611,32,643,2026-09-17,4,1405.0,189.0,1594.0
2026-09-17 04:15:00,642,42,684,2026-09-17,4,1965.0,176.0,2141.0
2026-09-17 04:30:00,623,57,680,2026-09-17,4,2353.0,194.0,2547.0
2026-09-17 04:45:00,620,66,686,2026-09-17,4,2496.0,197.0,2693.0
2026-09-17 05:00:00,604,46,650,2026-09-17,5,2489.0,211.0,2700.0
2026-09-17 05:15:00,573,46,619,2026-09-17,5,2420.0,215.0,2635.0
2026-09-17 05:30:00,584,46,630,2026-09-17,5,2381.0,204.0,2585.0
2026-09-17 05:45:00,502,54,556,2026-09-17,5,2263.0,192.0,2455.0
2026-09-17 06:00:00,469,37,506,2026-09-17,6,2128.0,183.0,2311.0
2026-09-17 06:15:00,455,43,498,2026-09-17,6,2010.0,180.0,2190.0
2026-09-17 06:30:00,450,36,486,2026-09-17,6,1876.0,170.0,2046.0
2026-09-17 06:45:00,416,38,454,2026-09-17,6,1790.0,154.0,1944.0
2026-09-17 07:00:00,430,35,465,2026-09-17,7,1751.0,152.0,1903.0
2026-09-17 07:15:00,461,53,514,2026-09-17,7,1757.0,162.0,1919.0
2026-09-17 07:30:00,448,39,487,2026-09-17,7,1755.0,165.0,1920.0
2026-09-17 07:45:00,489,38,527,2026-09-17,7,1828.0,165.0,1993.0
2026-09-17 08:00:00,387,33,420,2026-09-17,8,1785.0,163.0,1948.0
2026-09-17 08:15:00,433,33,466,2026-09-17,8,1757.0,143.0,1900.0
2026-09-17 08:30:00,482,25,507,2026-09-17,8,1791.0,129.0,1920.0
2026-09-17 08:45:00,499,37,536,2026-09-17,8,1801.0,128.0,1929.0
2026-09-17 09:00:00,585,37,622,2026-09-17,9,1999.0,132.0,2131.0
2026-09-17 09:15:00,530,43,573,2026-09-17,9,2096.0,142.0,2238.0
2026-09-17 09:30:00,498,61,559,2026-09-17,9,2112.0,178.0,2290.0
2026-09-17 09:45:00,505,58,563,2026-09-17,9,2118.0,199.0,2317.0
2026-09-17 10:00:00,478,73,551,2026-09-17,10,2011.0,235.0,2246.0
2026-09-17 10:15:00,453,52,505,2026-09-17,10,1934.0,244.0,2178.0
2026-09-17 10:30:00,485,55,540,2026-09-17,10,1921.0,238.0,2159.0
2026-09-17 10:45:00,434,49,483,2026-09-17,10,1850.0,229.0,2079.0
2026-09-17 11:00:00,538,59,597,2026-09-17,11,1910.0,215.0,2125.0
2026-09-17 11:15:00,579,44,623,2026-09-17,11,2036.0,207.0,2243.0
2026-09-17 11:30:00,547,61,608,2026-09-17,11,2098.0,213.0,2311.0
2026-09-17 11:45:00,576,67,643,2026-09-17,11,2240.0,231.0,2471.0
2026-09-17 12:00:00,517,66,583,2026-09-17,12,2219.0,238.0,2457.0
2026-09-17 12:15:00,568,51,619,2026-09-17,12,2208.0,245.0,2453.0
2026-09-17 12:30:00,510,48,558,2026-09-17,12,2171.0,232.0,2403.0
2026-09-17 12:45:00,506,51,557,2026-09-17,12,2101.0,216.0,2317.0
2026-09-17 13:00:00,470,43,513,2026-09-17,13,2054.0,193.0,2247.0
2026-09-17 13:15:00,470,49,519,2026-09-17,13,1956.0,191.0,2147.0
2026-09-17 13:30:00,413,56,469,2026-09-17,13,1859.0,199.0,2058.0
2026-09-17 13:45:00,379,40,419,2026-09-17,13,1732.0,188.0,1920.0
2026-09-17 14:00:00,332,24,356,2026-09-17,14,1594.0,169.0,1763.0
2026-09-17 14:15:00,295,22,317,2026-09-17,14,1419.0,142.0,1561.0
2026-09-17 14:30:00,340,28,368,2026-09-17,14,1346.0,114.0,1460.0
2026-09-17 14:45:00,368,23,391,2026-09-17,14,1335.0,97.0,1432.0
2026-09-17 15:00:00,407,28,435,2026-09-17,15,1410.0,101.0,1511.0
2026-09-17 15:15:00,412,26,438,2026-09-17,15,1527.0,105.0,1632.0
2026-09-17 15:30:00,386,28,414,2026-09-17,15,1573.0,105.0,1678.0
2026-09-17 15:45:00,349,28,377,2026-09-17,15,1554.0,110.0,1664.0
2026-09-17 16:00:00,308,22,330,2026-09-17,16,1455.0,104.0,1559.0
2026-09-17 16:15:00,310,23,333,2026-09-17,16,1353.0,101.0,1454.0
2026-09-17 16:30:00,346,17,363,2026-09-17,16,1313.0,90.0,1403.0
2026-09-17 16:45:00,356,15,371,2026-09-17,16,1320.0,77.0,1397.0
2026-09-17 17:00:00,353,18,371,2026-09-17,17,1365.0,73.0,1438.0
2026-09-17 17:15:00,377,15,392,2026-09-17,17,1432.0,65.0,1497.0
2026-09-17 17:30:00,390,17,407,2026-09-17,17,1476.0,65.0,1541.0
2026-09-17 17:45:00,364,17,381,2026-09-17,17,1484.0,67.0,1551.0
2026-09-17 18:00:00,342,19,361,2026-09-17,18,1473.0,68.0,1541.0
2026-09-17 18:15:00,353,20,373,2026-09-17,18,1449.0,73.0,1522.0
2026-09-17 18:30:00,261,13,274,2026-09-17,18,1320.0,69.0,1389.0
2026-09-17 18:45:00,217,11,228,2026-09-17,18,1173.0,63.0,1236.0
2026-09-17 19:00:00,205,11,216,2026-09-17,19,1036.0,55.0,1091.0
2026-09-17 19:15:00,209,10,219,2026-09-17,19,892.0,45.0,937.0
2026-09-17 19:30:00,209,11,220,2026-09-17,19,840.0,43.0,883.0
2026-09-17 19:45:00,196,12,208,2026-09-17,19,819.0,44.0,863.0
2026-09-17 20:00:00,158,14,172,2026-09-17,20,772.0,47.0,819.0
2026-09-17 20:15:00,111,15,126,2026-09-17,20,674.0,52.0,726.0
2026-09-17 20:30:00,87,13,100,2026-09-17,20,552.0,54.0,606.0
2026-09-17 20:45:00,41,10,51,2026-09-17,20,397.0,52.0,449.0
2026-09-17 21:00:00,27,15,42,2026-09-17,21,266.0,53.0,319.0
2026-09-17 21:15:00,13,15,28,2026-09-17,21,168.0,53.0,221.0
2026-09-17 21:30:00,6,12,18,2026-09-17,21,87.0,52.0,139.0
2026-09-17 21:45:00,3,7,10,2026-09-17,21,49.0,49.0,98.0
2026-09-17 22:00:00,0,6,6,2026-09-17,22,22.0,40.0,62.0
2026-09-17 22:15:00,0,7,7,2026-09-17,22,9.0,32.0,41.0
2026-09-17 22:30:00,0,5,5,2026-09-17,22,3.0,25.0,28.0
2026-09-17 22:45:00,0,5,5,2026-09-17,22,0.0,23.0,23.0
2026-09-17 23:00:00,0,5,5,2026-09-17,23,0.0,22.0,22.0
2026-09-17 23:15:00,0,6,6,2026-09-17,23,0.0,21.0,21.0
2026-09-17 23:30:00,0,4,4,2026-09-17,23,0.0,20.0,20.0
2026-09-17 23:45:00,0,2,2,2026-09-17,23,0.0,17.0,17.0
2026-09-18 03:00:00,52,46,98,2026-09-18,3,52.0,46.0,98.0
2026-09-18 03:15:00,84,64,148,2026-09-18,3,136.0,110.0,246.0
2026-09-18 03:30:00,233,38,271,2026-09-18,3,369.0,148.0,517.0
2026-09-18 03:45:00,535,70,605,2026-09-18,3,904.0,218.0,1122.0
2026-09-18 04:00:00,680,25,705,2026-09-18,4,1532.0,197.0,1729.0
2026-09-18 04:15:00,797,35,832,2026-09-18,4,2245.0,168.0,2413.0
2026-09-18 04:30:00,781,55,836,2026-09-18,4,2793.0,185.0,2978.0
2026-09-18 04:45:00,702,75,777,2026-09-18,4,2960.0,190.0,3150.0
2026-09-18 05:00:00,595,56,651,2026-09-18,5,2875.0,221.0,3096.0
2026-09-18 05:15:00,529,46,575,2026-09-18,5,2607.0,232.0,2839.0
2026-09-18 05:30:00,454,63,517,2026-09-18,5,2280.0,240.0,2520.0
2026-09-18 05:45:00,403,59,462,2026-09-18,5,1981.0,224.0,2205.0
2026-09-18 06:00:00,337,33,370,2026-09-18,6,1723.0,201.0,1924.0
2026-09-18 06:15:00,450,42,492,2026-09-18,6,1644.0,197.0,1841.0
2026-09-18 06:30:00,588,42,630,2026-09-18,6,1778.0,176.0,1954.0
2026-09-18 06:45:00,533,41,574,2026-09-18,6,1908.0,158.0,2066.0
2026-09-18 07:00:00,520,40,560,2026-09-18,7,2091.0,165.0,2256.0
2026-09-18 07:15:00,513,43,556,2026-09-18,7,2154.0,166.0,2320.0
2026-09-18 07:30:00,475,41,516,2026-09-18,7,2041.0,165.0,2206.0
2026-09-18 07:45:00,504,41,545,2026-09-18,7,2012.0,165.0,2177.0
2026-09-18 08:00:00,474,37,511,2026-09-18,8,1966.0,162.0,2128.0
2026-09-18 08:15:00,483,30,513,2026-09-18,8,1936.0,149.0,2085.0
2026-09-18 08:30:00,495,33,528,2026-09-18,8,1956.0,141.0,2097.0
2026-09-18 08:45:00,470,24,494,2026-09-18,8,1922.0,124.0,2046.0
2026-09-18 09:00:00,421,31,452,2026-09-18,9,1869.0,118.0,1987.0
2026-09-18 09:15:00,421,35,456,2026-09-18,9,1807.0,123.0,1930.0
2026-09-18 09:30:00,376,56,432,2026-09-18,9,1688.0,146.0,1834.0
2026-09-18 09:45:00,384,43,427,2026-09-18,9,1602.0,165.0,1767.0
2026-09-18 10:00:00,413,56,469,2026-09-18,10,1594.0,190.0,1784.0
2026-09-18 10:15:00,418,54,472,2026-09-18,10,1591.0,209.0,1800.0
2026-09-18 10:30:00,455,47,502,2026-09-18,10,1670.0,200.0,1870.0
2026-09-18 10:45:00,453,47,500,2026-09-18,10,1739.0,204.0,1943.0
2026-09-18 11:00:00,549,41,590,2026-09-18,11,1875.0,189.0,2064.0
2026-09-18 11:15:00,627,51,678,2026-09-18,11,2084.0,186.0,2270.0
2026-09-18 11:30:00,701,66,767,2026-09-18,11,2330.0,205.0,2535.0
2026-09-18 11:45:00,733,66,799,2026-09-18,11,2610.0,224.0,2834.0
2026-09-18 12:00:00,663,54,717,2026-09-18,12,2724.0,237.0,2961.0
2026-09-18 12:15:00,680,53,733,2026-09-18,12,2777.0,239.0,3016.0
2026-09-18 12:30:00,622,53,675,2026-09-18,12,2698.0,226.0,2924.0
2026-09-18 12:45:00,604,59,663,2026-09-18,12,2569.0,219.0,2788.0
2026-09-18 13:00:00,604,45,649,2026-09-18,13,2510.0,210.0,2720.0
2026-09-18 13:15:00,484,48,532,2026-09-18,13,2314.0,205.0,2519.0
2026-09-18 13:30:00,457,53,510,2026-09-18,13,2149.0,205.0,2354.0
2026-09-18 13:45:00,444,42,486,2026-09-18,13,1989.0,188.0,2177.0
2026-09-18 14:00:00,381,28,409,2026-09-18,14,1766.0,171.0,1937.0
2026-09-18 14:15:00,316,31,347,2026-09-18,14,1598.0,154.0,1752.0
2026-09-18 14:30:00,330,27,357,2026-09-18,14,1471.0,128.0,1599.0
2026-09-18 14:45:00,378,24,402,2026-09-18,14,1405.0,110.0,1515.0
2026-09-18 15:00:00,403,20,423,2026-09-18,15,1427.0,102.0,1529.0
2026-09-18 15:15:00,412,20,432,2026-09-18,15,1523.0,91.0,1614.0
2026-09-18 15:30:00,413,26,439,2026-09-18,15,1606.0,90.0,1696.0
2026-09-18 15:45:00,491,23,514,2026-09-18,15,1719.0,89.0,1808.0
2026-09-18 16:00:00,476,23,499,2026-09-18,16,1792.0,92.0,1884.0
2026-09-18 16:15:00,429,26,455,2026-09-18,16,1809.0,98.0,1907.0
2026-09-18 16:30:00,421,16,437,2026-09-18,16,1817.0,88.0,1905.0
2026-09-18 16:45:00,422,22,444,2026-09-18,16,1748.0,87.0,1835.0
2026-09-18 17:00:00,408,13,421,2026-09-18,17,1680.0,77.0,1757.0
2026-09-18 17:15:00,400,17,417,2026-09-18,17,1651.0,68.0,1719.0
2026-09-18 17:30:00,395,20,415,2026-09-18,17,1625.0,72.0,1697.0
2026-09-18 17:45:00,371,17,388,2026-09-18,17,1574.0,67.0,1641.0
2026-09-18 18:00:00,309,23,332,2026-09-18,18,1475.0,77.0,1552.0
2026-09-18 18:15:00,261,20,281,2026-09-18,18,1336.0,80.0,1416.0
2026-09-18 18:30:00,185,14,199,2026-09-18,18,1126.0,74.0,1200.0
2026-09-18 18:45:00,169,14,183,2026-09-18,18,924.0,71.0,995.0
2026-09-18 19:00:00,140,12,152,2026-09-18,19,755.0,60.0,815.0
2026-09-18 19:15:00,147,12,159,2026-09-18,19,641.0,52.0,693.0
2026-09-18 19:30:00,143,14,157,2026-09-18,19,599.0,52.0,651.0
2026-09-18 19:45:00,117,11,128,2026-09-18,19,547.0,49.0,596.0
2026-09-18 20:00:00,106,8,114,2026-09-18,20,513.0,45.0,558.0
2026-09-18 20:15:00,77,18,95,2026-09-18,20,443.0,51.0,494.0
2026-09-18 20:30:00,53,16,69,2026-09-18,20,353.0,53.0,406.0
2026-09-18 20:45:00,37,17,54,2026-09-18,20,273.0,59.0,332.0
2026-09-18 21:00:00,16,16,32,2026-09-18,21,183.0,67.0,250.0
2026-09-18 21:15:00,9,13,22,2026-09-18,21,115.0,62.0,177.0
2026-09-18 21:30:00,14,9,23,2026-09-18,21,76.0,55.0,131.0
2026-09-18 21:45:00,9,9,18,2026-09-18,21,48.0,47.0,95.0
2026-09-18 22:00:00,8,5,13,2026-09-18,22,40.0,36.0,76.0
2026-09-18 22:15:00,6,3,9,2026-09-18,22,37.0,26.0,63.0
2026-09-18 22:30:00,6,5,11,2026-09-18,22,29.0,22.0,51.0
2026-09-18 22:45:00,2,2,4,2026-09-18,22,22.0,15.0,37.0
2026-09-18 23:00:00,1,6,7,2026-09-18,23,15.0,16.0,31.0
2026-09-18 23:15:00,1,5,6,2026-09-18,23,10.0,18.0,28.0
2026-09-18 23:30:00,1,3,4,2026-09-18,23,5.0,16.0,21.0
2026-09-18 23:45:00,1,3,4,2026-09-18,23,4.0,17.0,21.0
2026-09-19 03:00:00,83,41,124,2026-09-19,3,83.0,41.0,124.0
2026-09-19 03:15:00,156,56,212,2026-09-19,3,239.0,97.0,336.0
2026-09-19 03:30:00,270,42,312,2026-09-19,3,509.0,139.0,648.0
2026-09-19 03:45:00,513,61,574,2026-09-19,3,1022.0,200.0,1222.0
2026-09-19 04:00:00,634,27,661,2026-09-19,4,1573.0,186.0,1759.0
2026-09-19 04:15:00,696,33,729,2026-09-19,4,2113.0,163.0,2276.0
2026-09-19 04:30:00,755,52,807,2026-09-19,4,2598.0,173.0,2771.0
2026-09-19 04:45:00,641,78,719,2026-09-19,4,2726.0,190.0,2916.0
2026-09-19 05:00:00,553,50,603,2026-09-19,5,2645.0,213.0,2858.0
2026-09-19 05:15:00,476,40,516,2026-09-19,5,2425.0,220.0,2645.0
2026-09-19 05:30:00,379,43,422,2026-09-19,5,2049.0,211.0,2260.0
2026-09-19 05:45:00,385,47,432,2026-09-19,5,1793.0,180.0,1973.0
2026-09-19 06:00:00,365,27,392,2026-09-19,6,1605.0,157.0,1762.0
2026-09-19 06:15:00,478,32,510,2026-09-19,6,1607.0,149.0,1756.0
2026-09-19 06:30:00,529,43,572,2026-09-19,6,1757.0,149.0,1906.0
2026-09-19 06:45:00,520,42,562,2026-09-19,6,1892.0,144.0,2036.0
2026-09-19 07:00:00,533,30,563,2026-09-19,7,2060.0,147.0,2207.0
2026-09-19 07:15:00,510,42,552,2026-09-19,7,2092.0,157.0,2249.0
2026-09-19 07:30:00,448,21,469,2026-09-19,7,2011.0,135.0,2146.0
2026-09-19 07:45:00,382,30,412,2026-09-19,7,1873.0,123.0,1996.0
2026-09-19 08:00:00,314,26,340,2026-09-19,8,1654.0,119.0,1773.0
2026-09-19 08:15:00,403,27,430,2026-09-19,8,1547.0,104.0,1651.0
2026-09-19 08:30:00,438,19,457,2026-09-19,8,1537.0,102.0,1639.0
2026-09-19 08:45:00,520,24,544,2026-09-19,8,1675.0,96.0,1771.0
2026-09-19 09:00:00,573,27,600,2026-09-19,9,1934.0,97.0,2031.0
2026-09-19 09:15:00,549,39,588,2026-09-19,9,2080.0,109.0,2189.0
2026-09-19 09:30:00,558,60,618,2026-09-19,9,2200.0,150.0,2350.0
2026-09-19 09:45:00,483,44,527,2026-09-19,9,2163.0,170.0,2333.0
2026-09-19 10:00:00,469,46,515,2026-09-19,10,2059.0,189.0,2248.0
2026-09-19 10:15:00,464,55,519,2026-09-19,10,1974.0,205.0,2179.0
2026-09-19 10:30:00,449,50,499,2026-09-19,10,1865.0,195.0,2060.0
2026-09-19 10:45:00,482,49,531,2026-09-19,10,1864.0,200.0,2064.0
2026-09-19 11:00:00,425,49,474,2026-09-19,11,1820.0,203.0,2023.0
2026-09-19 11:15:00,477,37,514,2026-09-19,11,1833.0,185.0,2018.0
2026-09-19 11:30:00,476,51,527,2026-09-19,11,1860.0,186.0,2046.0
2026-09-19 11:45:00,436,66,502,2026-09-19,11,1814.0,203.0,2017.0
2026-09-19 12:00:00,516,60,576,2026-09-19,12,1905.0,214.0,2119.0
2026-09-19 12:15:00,554,54,608,2026-09-19,12,1982.0,231.0,2213.0
2026-09-19 12:30:00,534,49,583,2026-09-19,12,2040.0,229.0,2269.0
2026-09-19 12:45:00,520,53,573,2026-09-19,12,2124.0,216.0,2340.0
2026-09-19 13:00:00,408,32,440,2026-09-19,13,2016.0,188.0,2204.0
2026-09-19 13:15:00,396,28,424,2026-09-19,13,1858.0,162.0,2020.0
2026-09-19 13:30:00,362,45,407,2026-09-19,13,1686.0,158.0,1844.0
2026-09-19 13:45:00,286,38,324,2026-09-19,13,1452.0,143.0,1595.0
2026-09-19 14:00:00,311,21,332,2026-09-19,14,1355.0,132.0,1487.0
2026-09-19 14:15:00,312,22,334,2026-09-19,14,1271.0,126.0,1397.0
2026-09-19 14:30:00,256,23,279,2026-09-19,14,1165.0,104.0,1269.0
2026-09-19 14:45:00,257,18,275,2026-09-19,14,1136.0,84.0,1220.0
2026-09-19 15:00:00,304,22,326,2026-09-19,15,1129.0,85.0,1214.0
2026-09-19 15:15:00,326,28,354,2026-09-19,15,1143.0,91.0,1234.0
2026-09-19 15:30:00,323,26,349,2026-09-19,15,1210.0,94.0,1304.0
2026-09-19 15:45:00,343,26,369,2026-09-19,15,1296.0,102.0,1398.0
2026-09-19 16:00:00,267,23,290,2026-09-19,16,1259.0,103.0,1362.0
2026-09-19 16:15:00,288,24,312,2026-09-19,16,1221.0,99.0,1320.0
2026-09-19 16:30:00,249,19,268,2026-09-19,16,1147.0,92.0,1239.0
2026-09-19 16:45:00,267,13,280,2026-09-19,16,1071.0,79.0,1150.0
2026-09-19 17:00:00,244,12,256,2026-09-19,17,1048.0,68.0,1116.0
2026-09-19 17:15:00,225,14,239,2026-09-19,17,985.0,58.0,1043.0
2026-09-19 17:30:00,216,18,234,2026-09-19,17,952.0,57.0,1009.0
2026-09-19 17:45:00,207,19,226,2026-09-19,17,892.0,63.0,955.0
2026-09-19 18:00:00,205,23,228,2026-09-19,18,853.0,74.0,927.0
2026-09-19 18:15:00,176,15,191,2026-09-19,18,804.0,75.0,879.0
2026-09-19 18:30:00,133,14,147,2026-09-19,18,721.0,71.0,792.0
2026-09-19 18:45:00,120,13,133,2026-09-19,18,634.0,65.0,699.0
2026-09-19 19:00:00,92,15,107,2026-09-19,19,521.0,57.0,578.0
2026-09-19 19:15:00,90,12,102,2026-09-19,19,435.0,54.0,489.0
2026-09-19 19:30:00,86,12,98,2026-09-19,19,388.0,52.0,440.0
2026-09-19 19:45:00,104,12,116,2026-09-19,19,372.0,51.0,423.0
2026-09-19 20:00:00,78,13,91,2026-09-19,20,358.0,49.0,407.0
2026-09-19 20:15:00,61,16,77,2026-09-19,20,329.0,53.0,382.0
2026-09-19 20:30:00,26,13,39,2026-09-19,20,269.0,54.0,323.0
2026-09-19 20:45:00,26,13,39,2026-09-19,20,191.0,55.0,246.0
2026-09-19 21:00:00,6,18,24,2026-09-19,21,119.0,60.0,179.0
2026-09-19 21:15:00,5,13,18,2026-09-19,21,63.0,57.0,120.0
2026-09-19 21:30:00,4,6,10,2026-09-19,21,41.0,50.0,91.0
2026-09-19 21:45:00,0,7,7,2026-09-19,21,15.0,44.0,59.0
2026-09-19 22:00:00,0,4,4,2026-09-19,22,9.0,30.0,39.0
2026-09-19 22:15:00,0,5,5,2026-09-19,22,4.0,22.0,26.0
2026-09-19 22:30:00,0,9,9,2026-09-19,22,0.0,25.0,25.0
2026-09-19 22:45:00,0,6,6,2026-09-19,22,0.0,24.0,24.0
2026-09-19 23:00:00,0,3,3,2026-09-19,23,0.0,23.0,23.0
2026-09-19 23:15:00,0,3,3,2026-09-19,23,0.0,21.0,21.0
2026-09-19 23:30:00,0,4,4,2026-09-19,23,0.0,16.0,16.0
2026-09-19 23:45:00,0,1,1,2026-09-19,23,0.0,11.0,11.0
2026-09-20 03:00:00,91,36,127,2026-09-20,3,91.0,36.0,127.0
2026-09-20 03:15:00,178,60,238,2026-09-20,3,269.0,96.0,365.0
2026-09-20 03:30:00,283,32,315,2026-09-20,3,552.0,128.0,680.0
2026-09-20 03:45:00,447,62,509,2026-09-20,3,999.0,190.0,1189.0
2026-09-20 04:00:00,497,37,534,2026-09-20,4,1405.0,191.0,1596.0
2026-09-20 04:15:00,616,32,648,2026-09-20,4,1843.0,163.0,2006.0
2026-09-20 04:30:00,630,61,691,2026-09-20,4,2190.0,192.0,2382.0
2026-09-20 04:45:00,610,73,683,2026-09-20,4,2353.0,203.0,2556.0
2026-09-20 05:00:00,557,36,593,2026-09-20,5,2413.0,202.0,2615.0
2026-09-20 05:15:00,554,38,592,2026-09-20,5,2351.0,208.0,2559.0
2026-09-20 05:30:00,452,43,495,2026-09-20,5,2173.0,190.0,2363.0
2026-09-20 05:45:00,415,53,468,2026-09-20,5,1978.0,170.0,2148.0
2026-09-20 06:00:00,418,44,462,2026-09-20,6,1839.0,178.0,2017.0
2026-09-20 06:15:00,465,41,506,2026-09-20,6,1750.0,181.0,1931.0
2026-09-20 06:30:00,451,37,488,2026-09-20,6,1749.0,175.0,1924.0
2026-09-20 06:45:00,391,41,432,2026-09-20,6,1725.0,163.0,1888.0
2026-09-20 07:00:00,371,33,404,2026-09-20,7,1678.0,152.0,1830.0
2026-09-20 07:15:00,408,45,453,2026-09-20,7,1621.0,156.0,1777.0
2026-09-20 07:30:00,441,26,467,2026-09-20,7,1611.0,145.0,1756.0
2026-09-20 07:45:00,434,24,458,2026-09-20,7,1654.0,128.0,1782.0
2026-09-20 08:00:00,475,20,495,2026-09-20,8,1758.0,115.0,1873.0
2026-09-20 08:15:00,542,17,559,2026-09-20,8,1892.0,87.0,1979.0
2026-09-20 08:30:00,532,26,558,2026-09-20,8,1983.0,87.0,2070.0
2026-09-20 08:45:00,515,26,541,2026-09-20,8,2064.0,89.0,2153.0
2026-09-20 09:00:00,541,25,566,2026-09-20,9,2130.0,94.0,2224.0
2026-09-20 09:15:00,624,36,660,2026-09-20,9,2212.0,113.0,2325.0
2026-09-20 09:30:00,605,62,667,2026-09-20,9,2285.0,149.0,2434.0
2026-09-20 09:45:00,569,46,615,2026-09-20,9,2339.0,169.0,2508.0
2026-09-20 10:00:00,567,53,620,2026-09-20,10,2365.0,197.0,2562.0
2026-09-20 10:15:00,489,58,547,2026-09-20,10,2230.0,219.0,2449.0
2026-09-20 10:30:00,460,41,501,2026-09-20,10,2085.0,198.0,2283.0
2026-09-20 10:45:00,457,41,498,2026-09-20,10,1973.0,193.0,2166.0
2026-09-20 11:00:00,529,33,562,2026-09-20,11,1935.0,173.0,2108.0
2026-09-20 11:15:00,551,40,591,2026-09-20,11,1997.0,155.0,2152.0
2026-09-20 11:30:00,566,54,620,2026-09-20,11,2103.0,168.0,2271.0
2026-09-20 11:45:00,632,54,686,2026-09-20,11,2278.0,181.0,2459.0
2026-09-20 12:00:00,629,62,691,2026-09-20,12,2378.0,210.0,2588.0
2026-09-20 12:15:00,567,55,622,2026-09-20,12,2394.0,225.0,2619.0
2026-09-20 12:30:00,544,64,608,2026-09-20,12,2372.0,235.0,2607.0
2026-09-20 12:45:00,501,55,556,2026-09-20,12,2241.0,236.0,2477.0
2026-09-20 13:00:00,420,40,460,2026-09-20,13,2032.0,214.0,2246.0
2026-09-20 13:15:00,380,39,419,2026-09-20,13,1845.0,198.0,2043.0
2026-09-20 13:30:00,350,52,402,2026-09-20,13,1651.0,186.0,1837.0
2026-09-20 13:45:00,334,32,366,2026-09-20,13,1484.0,163.0,1647.0
2026-09-20 14:00:00,312,23,335,2026-09-20,14,1376.0,146.0,1522.0
2026-09-20 14:15:00,329,22,351,2026-09-20,14,1325.0,129.0,1454.0
2026-09-20 14:30:00,298,20,318,2026-09-20,14,1273.0,97.0,1370.0
2026-09-20 14:45:00,361,26,387,2026-09-20,14,1300.0,91.0,1391.0
2026-09-20 15:00:00,445,20,465,2026-09-20,15,1433.0,88.0,1521.0
2026-09-20 15:15:00,476,19,495,2026-09-20,15,1580.0,85.0,1665.0
2026-09-20 15:30:00,478,26,504,2026-09-20,15,1760.0,91.0,1851.0
2026-09-20 15:45:00,476,23,499,2026-09-20,15,1875.0,88.0,1963.0
2026-09-20 16:00:00,407,29,436,2026-09-20,16,1837.0,97.0,1934.0
2026-09-20 16:15:00,363,22,385,2026-09-20,16,1724.0,100.0,1824.0
2026-09-20 16:30:00,365,20,385,2026-09-20,16,1611.0,94.0,1705.0
2026-09-20 16:45:00,303,12,315,2026-09-20,16,1438.0,83.0,1521.0
2026-09-20 17:00:00,295,13,308,2026-09-20,17,1326.0,67.0,1393.0
2026-09-20 17:15:00,351,13,364,2026-09-20,17,1314.0,58.0,1372.0
2026-09-20 17:30:00,373,15,388,2026-09-20,17,1322.0,53.0,1375.0
2026-09-20 17:45:00,440,17,457,2026-09-20,17,1459.0,58.0,1517.0
2026-09-20 18:00:00,494,25,519,2026-09-20,18,1658.0,70.0,1728.0
2026-09-20 18:15:00,528,15,543,2026-09-20,18,1835.0,72.0,1907.0
2026-09-20 18:30:00,449,12,461,2026-09-20,18,1911.0,69.0,1980.0
2026-09-20 18:45:00,411,13,424,2026-09-20,18,1882.0,65.0,1947.0
2026-09-20 19:00:00,345,12,357,2026-09-20,19,1733.0,52.0,1785.0
2026-09-20 19:15:00,244,10,254,2026-09-20,19,1449.0,47.0,1496.0
2026-09-20 19:30:00,237,15,252,2026-09-20,19,1237.0,50.0,1287.0
2026-09-20 19:45:00,172,14,186,2026-09-20,19,998.0,51.0,1049.0
2026-09-20 20:00:00,147,13,160,2026-09-20,20,800.0,52.0,852.0
2026-09-20 20:15:00,95,10,105,2026-09-20,20,651.0,52.0,703.0
2026-09-20 20:30:00,46,13,59,2026-09-20,20,460.0,50.0,510.0
2026-09-20 20:45:00,46,20,66,2026-09-20,20,334.0,56.0,390.0
2026-09-20 21:00:00,18,19,37,2026-09-20,21,205.0,62.0,267.0
2026-09-20 21:15:00,22,13,35,2026-09-20,21,132.0,65.0,197.0
2026-09-20 21:30:00,18,10,28,2026-09-20,21,104.0,62.0,166.0
2026-09-20 21:45:00,20,8,28,2026-09-20,21,78.0,50.0,128.0
2026-09-20 22:00:00,19,7,26,2026-09-20,22,79.0,38.0,117.0
2026-09-20 22:15:00,12,6,18,2026-09-20,22,69.0,31.0,100.0
2026-09-20 22:30:00,11,4,15,2026-09-20,22,62.0,25.0,87.0
2026-09-20 22:45:00,5,3,8,2026-09-20,22,47.0,20.0,67.0
2026-09-20 23:00:00,1,5,6,2026-09-20,23,29.0,18.0,47.0
2026-09-20 23:15:00,1,7,8,2026-09-20,23,18.0,19.0,37.0
2026-09-20 23:30:00,0,3,3,2026-09-20,23,7.0,18.0,25.0
2026-09-20 23:45:00,0,3,3,2026-09-20,23,2.0,18.0,20.0
2026-09-21 03:00:00,86,42,128,2026-09-21,3,86.0,42.0,128.0
2026-09-21 03:15:00,211,64,275,2026-09-21,3,297.0,106.0,403.0
2026-09-21 03:30:00,286,38,324,2026-09-21,3,583.0,144.0,727.0
2026-09-21 03:45:00,429,54,483,2026-09-21,3,1012.0,198.0,1210.0
2026-09-21 04:00:00,586,29,615,2026-09-21,4,1512.0,185.0,1697.0
2026-09-21 04:15:00,613,32,645,2026-09-21,4,1914.0,153.0,2067.0
2026-09-21 04:30:00,627,62,689,2026-09-21,4,2255.0,177.0,2432.0
2026-09-21 04:45:00,536,63,599,2026-09-21,4,2362.0,186.0,2548.0
2026-09-21 05:00:00,506,46,552,2026-09-21,5,2282.0,203.0,2485.0
2026-09-21 05:15:00,502,41,543,2026-09-21,5,2171.0,212.0,2383.0
2026-09-21 05:30:00,455,49,504,2026-09-21,5,1999.0,199.0,2198.0
2026-09-21 05:45:00,469,63,532,2026-09-21,5,1932.0,199.0,2131.0
2026-09-21 06:00:00,497,46,543,2026-09-21,6,1923.0,199.0,2122.0
2026-09-21 06:15:00,509,40,549,2026-09-21,6,1930.0,198.0,2128.0
2026-09-21 06:30:00,567,40,607,2026-09-21,6,2042.0,189.0,2231.0
2026-09-21 06:45:00,519,49,568,2026-09-21,6,2092.0,175.0,2267.0
2026-09-21 07:00:00,408,34,442,2026-09-21,7,2003.0,163.0,2166.0
2026-09-21 07:15:00,457,43,500,2026-09-21,7,1951.0,166.0,2117.0
2026-09-21 07:30:00,500,31,531,2026-09-21,7,1884.0,157.0,2041.0
2026-09-21 07:45:00,541,38,579,2026-09-21,7,1906.0,146.0,2052.0
2026-09-21 08:00:00,492,34,526,2026-09-21,8,1990.0,146.0,2136.0
2026-09-21 08:15:00,490,26,516,2026-09-21,8,2023.0,129.0,2152.0
2026-09-21 08:30:00,527,23,550,2026-09-21,8,2050.0,121.0,2171.0
2026-09-21 08:45:00,470,30,500,2026-09-21,8,1979.0,113.0,2092.0
2026-09-21 09:00:00,475,26,501,2026-09-21,9,1962.0,105.0,2067.0
2026-09-21 09:15:00,451,33,484,2026-09-21,9,1923.0,112.0,2035.0
2026-09-21 09:30:00,461,51,512,2026-09-21,9,1857.0,140.0,1997.0
2026-09-21 09:45:00,405,54,459,2026-09-21,9,1792.0,164.0,1956.0
2026-09-21 10:00:00,407,49,456,2026-09-21,10,1724.0,187.0,1911.0
2026-09-21 10:15:00,422,58,480,2026-09-21,10,1695.0,212.0,1907.0
2026-09-21 10:30:00,441,40,481,2026-09-21,10,1675.0,201.0,1876.0
2026-09-21 10:45:00,522,40,562,2026-09-21,10,1792.0,187.0,1979.0
2026-09-21 11:00:00,573,46,619,2026-09-21,11,1958.0,184.0,2142.0
2026-09-21 11:15:00,592,46,638,2026-09-21,11,2128.0,172.0,2300.0
2026-09-21 11:30:00,674,57,731,2026-09-21,11,2361.0,189.0,2550.0
2026-09-21 11:45:00,643,65,708,2026-09-21,11,2482.0,214.0,2696.0
2026-09-21 12:00:00,620,55,675,2026-09-21,12,2529.0,223.0,2752.0
2026-09-21 12:15:00,612,53,665,2026-09-21,12,2549.0,230.0,2779.0
2026-09-21 12:30:00,538,60,598,2026-09-21,12,2413.0,233.0,2646.0
2026-09-21 12:45:00,510,63,573,2026-09-21,12,2280.0,231.0,2511.0
2026-09-21 13:00:00,448,41,489,2026-09-21,13,2108.0,217.0,2325.0
2026-09-21 13:15:00,410,51,461,2026-09-21,13,1906.0,215.0,2121.0
2026-09-21 13:30:00,458,49,507,2026-09-21,13,1826.0,204.0,2030.0
2026-09-21 13:45:00,406,38,444,2026-09-21,13,1722.0,179.0,1901.0
2026-09-21 14:00:00,346,30,376,2026-09-21,14,1620.0,168.0,1788.0
2026-09-21 14:15:00,314,41,355,2026-09-21,14,1524.0,158.0,1682.0
2026-09-21 14:30:00,371,29,400,2026-09-21,14,1437.0,138.0,1575.0
2026-09-21 14:45:00,384,29,413,2026-09-21,14,1415.0,129.0,1544.0
2026-09-21 15:00:00,391,17,408,2026-09-21,15,1460.0,116.0,1576.0
2026-09-21 15:15:00,497,23,520,2026-09-21,15,1643.0,98.0,1741.0
2026-09-21 15:30:00,459,29,488,2026-09-21,15,1731.0,98.0,1829.0
2026-09-21 15:45:00,407,24,431,2026-09-21,15,1754.0,93.0,1847.0
2026-09-21 16:00:00,321,25,346,2026-09-21,16,1684.0,101.0,1785.0
2026-09-21 16:15:00,305,18,323,2026-09-21,16,1492.0,96.0,1588.0
2026-09-21 16:30:00,317,20,337,2026-09-21,16,1350.0,87.0,1437.0
2026-09-21 16:45:00,333,17,350,2026-09-21,16,1276.0,80.0,1356.0
2026-09-21 17:00:00,375,14,389,2026-09-21,17,1330.0,69.0,1399.0
2026-09-21 17:15:00,409,16,425,2026-09-21,17,1434.0,67.0,1501.0
2026-09-21 17:30:00,411,16,427,2026-09-21,17,1528.0,63.0,1591.0
2026-09-21 17:45:00,474,21,495,2026-09-21,17,1669.0,67.0,1736.0
2026-09-21 18:00:00,376,24,400,2026-09-21,18,1670.0,77.0,1747.0
2026-09-21 18:15:00,291,17,308,2026-09-21,18,1552.0,78.0,1630.0
2026-09-21 18:30:00,247,17,264,2026-09-21,18,1388.0,79.0,1467.0
2026-09-21 18:45:00,205,14,219,2026-09-21,18,1119.0,72.0,1191.0
2026-09-21 19:00:00,158,11,169,2026-09-21,19,901.0,59.0,960.0
2026-09-21 19:15:00,158,11,169,2026-09-21,19,768.0,53.0,821.0
2026-09-21 19:30:00,157,15,172,2026-09-21,19,678.0,51.0,729.0
2026-09-21 19:45:00,142,13,155,2026-09-21,19,615.0,50.0,665.0
2026-09-21 20:00:00,106,12,118,2026-09-21,20,563.0,51.0,614.0
2026-09-21 20:15:00,84,19,103,2026-09-21,20,489.0,59.0,548.0
2026-09-21 20:30:00,50,14,64,2026-09-21,20,382.0,58.0,440.0
2026-09-21 20:45:00,22,13,35,2026-09-21,20,262.0,58.0,320.0
2026-09-21 21:00:00,8,20,28,2026-09-21,21,164.0,66.0,230.0
2026-09-21 21:15:00,3,18,21,2026-09-21,21,83.0,65.0,148.0
2026-09-21 21:30:00,1,9,10,2026-09-21,21,34.0,60.0,94.0
2026-09-21 21:45:00,1,10,11,2026-09-21,21,13.0,57.0,70.0
2026-09-21 22:00:00,0,5,5,2026-09-21,22,5.0,42.0,47.0
2026-09-21 22:15:00,0,6,6,2026-09-21,22,2.0,30.0,32.0
2026-09-21 22:30:00,0,5,5,2026-09-21,22,1.0,26.0,27.0
2026-09-21 22:45:00,0,6,6,2026-09-21,22,0.0,22.0,22.0
2026-09-21 23:00:00,0,4,4,2026-09-21,23,0.0,21.0,21.0
2026-09-21 23:15:00,0,2,2,2026-09-21,23,0.0,17.0,17.0
2026-09-21 23:30:00,0,4,4,2026-09-21,23,0.0,16.0,16.0
2026-09-21 23:45:00,3,3,6,2026-09-21,23,3.0,13.0,16.0
2026-09-22 03:00:00,82,31,113,2026-09-22,3,82.0,31.0,113.0
2026-09-22 03:15:00,118,56,174,2026-09-22,3,200.0,87.0,287.0
2026-09-22 03:30:00,251,44,295,2026-09-22,3,451.0,131.0,582.0
2026-09-22 03:45:00,434,69,503,2026-09-22,3,885.0,200.0,1085.0
2026-09-22 04:00:00,508,35,543,2026-09-22,4,1311.0,204.0,1515.0
2026-09-22 04:15:00,590,40,630,2026-09-22,4,1783.0,188.0,1971.0
2026-09-22 04:30:00,651,64,715,2026-09-22,4,2183.0,208.0,2391.0
2026-09-22 04:45:00,582,71,653,2026-09-22,4,2331.0,210.0,2541.0
2026-09-22 05:00:00,501,52,553,2026-09-22,5,2324.0,227.0,2551.0
2026-09-22 05:15:00,480,33,513,2026-09-22,5,2214.0,220.0,2434.0
2026-09-22 05:30:00,353,36,389,2026-09-22,5,1916.0,192.0,2108.0
2026-09-22 05:45:00,361,62,423,2026-09-22,5,1695.0,183.0,1878.0
2026-09-22 06:00:00,428,48,476,2026-09-22,6,1622.0,179.0,1801.0
2026-09-22 06:15:00,375,35,410,2026-09-22,6,1517.0,181.0,1698.0
2026-09-22 06:30:00,322,36,358,2026-09-22,6,1486.0,181.0,1667.0
2026-09-22 06:45:00,336,39,375,2026-09-22,6,1461.0,158.0,1619.0
2026-09-22 07:00:00,369,24,393,2026-09-22,7,1402.0,134.0,1536.0
2026-09-22 07:15:00,430,37,467,2026-09-22,7,1457.0,136.0,1593.0
2026-09-22 07:30:00,422,32,454,2026-09-22,7,1557.0,132.0,1689.0
2026-09-22 07:45:00,438,40,478,2026-09-22,7,1659.0,133.0,1792.0
2026-09-22 08:00:00,406,36,442,2026-09-22,8,1696.0,145.0,1841.0
2026-09-22 08:15:00,435,32,467,2026-09-22,8,1701.0,140.0,1841.0
2026-09-22 08:30:00,450,29,479,2026-09-22,8,1729.0,137.0,1866.0
2026-09-22 08:45:00,491,32,523,2026-09-22,8,1782.0,129.0,1911.0
2026-09-22 09:00:00,465,30,495,2026-09-22,9,1841.0,123.0,1964.0
2026-09-22 09:15:00,450,32,482,2026-09-22,9,1856.0,123.0,1979.0
2026-09-22 09:30:00,389,55,444,2026-09-22,9,1795.0,149.0,1944.0
2026-09-22 09:45:00,425,51,476,2026-09-22,9,1729.0,168.0,1897.0
2026-09-22 10:00:00,415,64,479,2026-09-22,10,1679.0,202.0,1881.0
2026-09-22 10:15:00,421,45,466,2026-09-22,10,1650.0,215.0,1865.0
2026-09-22 10:30:00,376,47,423,2026-09-22,10,1637.0,207.0,1844.0
2026-09-22 10:45:00,364,42,406,2026-09-22,10,1576.0,198.0,1774.0
2026-09-22 11:00:00,355,50,405,2026-09-22,11,1516.0,184.0,1700.0
2026-09-22 11:15:00,394,51,445,2026-09-22,11,1489.0,190.0,1679.0
2026-09-22 11:30:00,429,50,479,2026-09-22,11,1542.0,193.0,1735.0
2026-09-22 11:45:00,435,54,489,2026-09-22,11,1613.0,205.0,1818.0
2026-09-22 12:00:00,517,62,579,2026-09-22,12,1775.0,217.0,1992.0
2026-09-22 12:15:00,540,59,599,2026-09-22,12,1921.0,225.0,2146.0
2026-09-22 12:30:00,509,57,566,2026-09-22,12,2001.0,232.0,2233.0
2026-09-22 12:45:00,465,50,515,2026-09-22,12,2031.0,228.0,2259.0
2026-09-22 13:00:00,445,38,483,2026-09-22,13,1959.0,204.0,2163.0
2026-09-22 13:15:00,445,52,497,2026-09-22,13,1864.0,197.0,2061.0
2026-09-22 13:30:00,369,63,432,2026-09-22,13,1724.0,203.0,1927.0
2026-09-22 13:45:00,308,39,347,2026-09-22,13,1567.0,192.0,1759.0
2026-09-22 14:00:00,325,24,349,2026-09-22,14,1447.0,178.0,1625.0
2026-09-22 14:15:00,345,37,382,2026-09-22,14,1347.0,163.0,1510.0
2026-09-22 14:30:00,319,35,354,2026-09-22,14,1297.0,135.0,1432.0
2026-09-22 14:45:00,308,28,336,2026-09-22,14,1297.0,124.0,1421.0
2026-09-22 15:00:00,336,27,363,2026-09-22,15,1308.0,127.0,1435.0
2026-09-22 15:15:00,353,26,379,2026-09-22,15,1316.0,116.0,1432.0
2026-09-22 15:30:00,381,28,409,2026-09-22,15,1378.0,109.0,1487.0
2026-09-22 15:45:00,379,25,404,2026-09-22,15,1449.0,106.0,1555.0
2026-09-22 16:00:00,335,22,357,2026-09-22,16,1448.0,101.0,1549.0
2026-09-22 16:15:00,307,24,331,2026-09-22,16,1402.0,99.0,1501.0
2026-09-22 16:30:00,213,18,231,2026-09-22,16,1234.0,89.0,1323.0
2026-09-22 16:45:00,213,23,236,2026-09-22,16,1068.0,87.0,1155.0
2026-09-22 17:00:00,204,16,220,2026-09-22,17,937.0,81.0,1018.0
2026-09-22 17:15:00,215,15,230,2026-09-22,17,845.0,72.0,917.0
2026-09-22 17:30:00,191,17,208,2026-09-22,17,823.0,71.0,894.0
2026-09-22 17:45:00,180,17,197,2026-09-22,17,790.0,65.0,855.0
2026-09-22 18:00:00,175,24,199,2026-09-22,18,761.0,73.0,834.0
2026-09-22 18:15:00,193,15,208,2026-09-22,18,739.0,73.0,812.0
2026-09-22 18:30:00,163,14,177,2026-09-22,18,711.0,70.0,781.0
2026-09-22 18:45:00,128,17,145,2026-09-22,18,659.0,70.0,729.0
2026-09-22 19:00:00,100,12,112,2026-09-22,19,584.0,58.0,642.0
2026-09-22 19:15:00,120,14,134,2026-09-22,19,511.0,57.0,568.0
2026-09-22 19:30:00,114,11,125,2026-09-22,19,462.0,54.0,516.0
2026-09-22 19:45:00,128,13,141,2026-09-22,19,462.0,50.0,512.0
2026-09-22 20:00:00,104,13,117,2026-09-22,20,466.0,51.0,517.0
2026-09-22 20:15:00,90,19,109,2026-09-22,20,436.0,56.0,492.0
2026-09-22 20:30:00,46,19,65,2026-09-22,20,368.0,64.0,432.0
2026-09-22 20:45:00,24,14,38,2026-09-22,20,264.0,65.0,329.0
2026-09-22 21:00:00,11,15,26,2026-09-22,21,171.0,67.0,238.0
2026-09-22 21:15:00,3,15,18,2026-09-22,21,84.0,63.0,147.0
2026-09-22 21:30:00,1,12,13,2026-09-22,21,39.0,56.0,95.0
2026-09-22 21:45:00,0,12,12,2026-09-22,21,15.0,54.0,69.0
2026-09-22 22:00:00,0,9,9,2026-09-22,22,4.0,48.0,52.0
2026-09-22 22:15:00,0,10,10,2026-09-22,22,1.0,43.0,44.0
2026-09-22 22:30:00,0,7,7,2026-09-22,22,0.0,38.0,38.0
2026-09-22 22:45:00,0,3,3,2026-09-22,22,0.0,29.0,29.0
2026-09-22 23:00:00,0,5,5,2026-09-22,23,0.0,25.0,25.0
2026-09-22 23:15:00,0,5,5,2026-09-22,23,0.0,20.0,20.0
2026-09-22 23:30:00,0,1,1,2026-09-22,23,0.0,14.0,14.0
2026-09-22 23:45:00,0,1,1,2026-09-22,23,0.0,12.0,12.0
2026-09-23 03:00:00,45,34,79,2026-09-23,3,45.0,34.0,79.0
2026-09-23 03:15:00,86,42,128,2026-09-23,3,131.0,76.0,207.0
2026-09-23 03:30:00,236,40,276,2026-09-23,3,367.0,116.0,483.0
2026-09-23 03:45:00,451,62,513,2026-09-23,3,818.0,178.0,996.0
2026-09-23 04:00:00,576,32,608,2026-09-23,4,1349.0,176.0,1525.0
2026-09-23 04:15:00,622,35,657,2026-09-23,4,1885.0,169.0,2054.0
2026-09-23 04:30:00,645,50,695,2026-09-23,4,2294.0,179.0,2473.0
2026-09-23 04:45:00,614,72,686,2026-09-23,4,2457.0,189.0,2646.0
2026-09-23 05:00:00,531,58,589,2026-09-23,5,2412.0,215.0,2627.0
2026-09-23 05:15:00,478,51,529,2026-09-23,5,2268.0,231.0,2499.0
2026-09-23 05:30:00,451,50,501,2026-09-23,5,2074.0,231.0,2305.0
2026-09-23 05:45:00,409,52,461,2026-09-23,5,1869.0,211.0,2080.0
2026-09-23 06:00:00,431,42,473,2026-09-23,6,1769.0,195.0,1964.0
2026-09-23 06:15:00,401,49,450,2026-09-23,6,1692.0,193.0,1885.0
2026-09-23 06:30:00,408,34,442,2026-09-23,6,1649.0,177.0,1826.0
2026-09-23 06:45:00,449,35,484,2026-09-23,6,1689.0,160.0,1849.0
2026-09-23 07:00:00,483,27,510,2026-09-23,7,1741.0,145.0,1886.0
2026-09-23 07:15:00,488,38,526,2026-09-23,7,1828.0,134.0,1962.0
2026-09-23 07:30:00,489,35,524,2026-09-23,7,1909.0,135.0,2044.0
2026-09-23 07:45:00,422,33,455,2026-09-23,7,1882.0,133.0,2015.0
2026-09-23 08:00:00,396,28,424,2026-09-23,8,1795.0,134.0,1929.0
2026-09-23 08:15:00,442,27,469,2026-09-23,8,1749.0,123.0,1872.0
2026-09-23 08:30:00,532,31,563,2026-09-23,8,1792.0,119.0,1911.0
2026-09-23 08:45:00,518,37,555,2026-09-23,8,1888.0,123.0,2011.0
2026-09-23 09:00:00,516,25,541,2026-09-23,9,2008.0,120.0,2128.0
2026-09-23 09:15:00,512,38,550,2026-09-23,9,2078.0,131.0,2209.0
2026-09-23 09:30:00,467,52,519,2026-09-23,9,2013.0,152.0,2165.0
2026-09-23 09:45:00,461,60,521,2026-09-23,9,1956.0,175.0,2131.0
2026-09-23 10:00:00,419,51,470,2026-09-23,10,1859.0,201.0,2060.0
2026-09-23 10:15:00,372,50,422,2026-09-23,10,1719.0,213.0,1932.0
2026-09-23 10:30:00,398,48,446,2026-09-23,10,1650.0,209.0,1859.0
2026-09-23 10:45:00,395,50,445,2026-09-23,10,1584.0,199.0,1783.0
2026-09-23 11:00:00,421,47,468,2026-09-23,11,1586.0,195.0,1781.0
2026-09-23 11:15:00,484,49,533,2026-09-23,11,1698.0,194.0,1892.0
2026-09-23 11:30:00,532,52,584,2026-09-23,11,1832.0,198.0,2030.0
2026-09-23 11:45:00,572,61,633,2026-09-23,11,2009.0,209.0,2218.0
2026-09-23 12:00:00,519,43,562,2026-09-23,12,2107.0,205.0,2312.0
2026-09-23 12:15:00,475,53,528,2026-09-23,12,2098.0,209.0,2307.0
2026-09-23 12:30:00,448,71,519,2026-09-23,12,2014.0,228.0,2242.0
2026-09-23 12:45:00,527,65,592,2026-09-23,12,1969.0,232.0,2201.0
2026-09-23 13:00:00,493,50,543,2026-09-23,13,1943.0,239.0,2182.0
2026-09-23 13:15:00,522,38,560,2026-09-23,13,1990.0,224.0,2214.0
2026-09-23 13:30:00,492,47,539,2026-09-23,13,2034.0,200.0,2234.0
2026-09-23 13:45:00,407,27,434,2026-09-23,13,1914.0,162.0,2076.0
2026-09-23 14:00:00,377,33,410,2026-09-23,14,1798.0,145.0,1943.0
2026-09-23 14:15:00,325,33,358,2026-09-23,14,1601.0,140.0,1741.0
2026-09-23 14:30:00,316,41,357,2026-09-23,14,1425.0,134.0,1559.0
2026-09-23 14:45:00,306,28,334,2026-09-23,14,1324.0,135.0,1459.0
2026-09-23 15:00:00,366,31,397,2026-09-23,15,1313.0,133.0,1446.0
2026-09-23 15:15:00,355,25,380,2026-09-23,15,1343.0,125.0,1468.0
2026-09-23 15:30:00,340,19,359,2026-09-23,15,1367.0,103.0,1470.0
2026-09-23 15:45:00,330,21,351,2026-09-23,15,1391.0,96.0,1487.0
2026-09-23 16:00:00,337,27,364,2026-09-23,16,1362.0,92.0,1454.0
2026-09-23 16:15:00,226,36,262,2026-09-23,16,1233.0,103.0,1336.0
2026-09-23 16:30:00,211,18,229,2026-09-23,16,1104.0,102.0,1206.0
2026-09-23 16:45:00,258,18,276,2026-09-23,16,1032.0,99.0,1131.0
2026-09-23 17:00:00,222,12,234,2026-09-23,17,917.0,84.0,1001.0
2026-09-23 17:15:00,196,20,216,2026-09-23,17,887.0,68.0,955.0
2026-09-23 17:30:00,173,17,190,2026-09-23,17,849.0,67.0,916.0
2026-09-23 17:45:00,166,18,184,2026-09-23,17,757.0,67.0,824.0
2026-09-23 18:00:00,163,23,186,2026-09-23,18,698.0,78.0,776.0
2026-09-23 18:15:00,168,15,183,2026-09-23,18,670.0,73.0,743.0
2026-09-23 18:30:00,133,15,148,2026-09-23,18,630.0,71.0,701.0
2026-09-23 18:45:00,123,14,137,2026-09-23,18,587.0,67.0,654.0
2026-09-23 19:00:00,161,13,174,2026-09-23,19,585.0,57.0,642.0
2026-09-23 19:15:00,164,12,176,2026-09-23,19,581.0,54.0,635.0
2026-09-23 19:30:00,159,12,171,2026-09-23,19,607.0,51.0,658.0
2026-09-23 19:45:00,138,16,154,2026-09-23,19,622.0,53.0,675.0
2026-09-23 20:00:00,98,10,108,2026-09-23,20,559.0,50.0,609.0
2026-09-23 20:15:00,73,14,87,2026-09-23,20,468.0,52.0,520.0
2026-09-23 20:30:00,34,18,52,2026-09-23,20,343.0,58.0,401.0
2026-09-23 20:45:00,17,17,34,2026-09-23,20,222.0,59.0,281.0
2026-09-23 21:00:00,5,16,21,2026-09-23,21,129.0,65.0,194.0
2026-09-23 21:15:00,1,13,14,2026-09-23,21,57.0,64.0,121.0
2026-09-23 21:30:00,1,12,13,2026-09-23,21,24.0,58.0,82.0
2026-09-23 21:45:00,0,9,9,2026-09-23,21,7.0,50.0,57.0
2026-09-23 22:00:00,0,3,3,2026-09-23,22,2.0,37.0,39.0
2026-09-23 22:15:00,0,7,7,2026-09-23,22,1.0,31.0,32.0
2026-09-23 22:30:00,0,7,7,2026-09-23,22,0.0,26.0,26.0
2026-09-23 22:45:00,0,5,5,2026-09-23,22,0.0,22.0,22.0
2026-09-23 23:00:00,0,5,5,2026-09-23,23,0.0,24.0,24.0
2026-09-23 23:15:00,0,2,2,2026-09-23,23,0.0,19.0,19.0
2026-09-23 23:30:00,0,1,1,2026-09-23,23,0.0,13.0,13.0
2026-09-23 23:45:00,0,3,3,2026-09-23,23,0.0,11.0,11.0
2026-09-24 03:00:00,46,37,83,2026-09-24,3,46.0,37.0,83.0
2026-09-24 03:15:00,84,54,138,2026-09-24,3,130.0,91.0,221.0
2026-09-24 03:30:00,242,38,280,2026-09-24,3,372.0,129.0,501.0
2026-09-24 03:45:00,493,61,554,2026-09-24,3,865.0,190.0,1055.0
2026-09-24 04:00:00,640,31,671,2026-09-24,4,1459.0,184.0,1643.0
2026-09-24 04:15:00,663,42,705,2026-09-24,4,2038.0,172.0,2210.0
2026-09-24 04:30:00,649,56,705,2026-09-24,4,2445.0,190.0,2635.0
2026-09-24 04:45:00,642,65,707,2026-09-24,4,2594.0,194.0,2788.0
2026-09-24 05:00:00,630,46,676,2026-09-24,5,2584.0,209.0,2793.0
2026-09-24 05:15:00,595,45,640,2026-09-24,5,2516.0,212.0,2728.0
2026-09-24 05:30:00,594,45,639,2026-09-24,5,2461.0,201.0,2662.0
2026-09-24 05:45:00,514,53,567,2026-09-24,5,2333.0,189.0,2522.0
2026-09-24 06:00:00,484,36,520,2026-09-24,6,2187.0,179.0,2366.0
2026-09-24 06:15:00,458,42,500,2026-09-24,6,2050.0,176.0,2226.0
2026-09-24 06:30:00,431,35,466,2026-09-24,6,1887.0,166.0,2053.0
2026-09-24 06:45:00,399,37,436,2026-09-24,6,1772.0,150.0,1922.0
2026-09-24 07:00:00,416,34,450,2026-09-24,7,1704.0,148.0,1852.0
2026-09-24 07:15:00,442,52,494,2026-09-24,7,1688.0,158.0,1846.0
2026-09-24 07:30:00,436,38,474,2026-09-24,7,1693.0,161.0,1854.0
2026-09-24 07:45:00,485,37,522,2026-09-24,7,1779.0,161.0,1940.0
2026-09-24 08:00:00,383,33,416,2026-09-24,8,1746.0,160.0,1906.0
2026-09-24 08:15:00,440,33,473,2026-09-24,8,1744.0,141.0,1885.0
2026-09-24 08:30:00,482,25,507,2026-09-24,8,1790.0,128.0,1918.0
2026-09-24 08:45:00,498,36,534,2026-09-24,8,1803.0,127.0,1930.0
2026-09-24 09:00:00,583,36,619,2026-09-24,9,2003.0,130.0,2133.0
2026-09-24 09:15:00,532,42,574,2026-09-24,9,2095.0,139.0,2234.0
2026-09-24 09:30:00,503,60,563,2026-09-24,9,2116.0,174.0,2290.0
2026-09-24 09:45:00,509,57,566,2026-09-24,9,2127.0,195.0,2322.0
2026-09-24 10:00:00,480,72,552,2026-09-24,10,2024.0,231.0,2255.0
2026-09-24 10:15:00,445,51,496,2026-09-24,10,1937.0,240.0,2177.0
2026-09-24 10:30:00,470,54,524,2026-09-24,10,1904.0,234.0,2138.0
2026-09-24 10:45:00,421,48,469,2026-09-24,10,1816.0,225.0,2041.0
2026-09-24 11:00:00,521,57,578,2026-09-24,11,1857.0,210.0,2067.0
2026-09-24 11:15:00,550,43,593,2026-09-24,11,1962.0,202.0,2164.0
2026-09-24 11:30:00,517,60,577,2026-09-24,11,2009.0,208.0,2217.0
2026-09-24 11:45:00,558,66,624,2026-09-24,11,2146.0,226.0,2372.0
2026-09-24 12:00:00,510,64,574,2026-09-24,12,2135.0,233.0,2368.0
2026-09-24 12:15:00,575,50,625,2026-09-24,12,2160.0,240.0,2400.0
2026-09-24 12:30:00,517,48,565,2026-09-24,12,2160.0,228.0,2388.0
2026-09-24 12:45:00,501,50,551,2026-09-24,12,2103.0,212.0,2315.0
2026-09-24 13:00:00,472,43,515,2026-09-24,13,2065.0,191.0,2256.0
2026-09-24 13:15:00,466,48,514,2026-09-24,13,1956.0,189.0,2145.0
2026-09-24 13:30:00,411,55,466,2026-09-24,13,1850.0,196.0,2046.0
2026-09-24 13:45:00,382,40,422,2026-09-24,13,1731.0,186.0,1917.0
2026-09-24 14:00:00,343,23,366,2026-09-24,14,1602.0,166.0,1768.0
2026-09-24 14:15:00,301,22,323,2026-09-24,14,1437.0,140.0,1577.0
2026-09-24 14:30:00,359,28,387,2026-09-24,14,1385.0,113.0,1498.0
2026-09-24 14:45:00,386,22,408,2026-09-24,14,1389.0,95.0,1484.0
2026-09-24 15:00:00,419,27,446,2026-09-24,15,1465.0,99.0,1564.0
2026-09-24 15:15:00,433,26,459,2026-09-24,15,1597.0,103.0,1700.0
2026-09-24 15:30:00,401,28,429,2026-09-24,15,1639.0,103.0,1742.0
2026-09-24 15:45:00,362,27,389,2026-09-24,15,1615.0,108.0,1723.0
2026-09-24 16:00:00,313,21,334,2026-09-24,16,1509.0,102.0,1611.0
2026-09-24 16:15:00,308,22,330,2026-09-24,16,1384.0,98.0,1482.0
2026-09-24 16:30:00,341,17,358,2026-09-24,16,1324.0,87.0,1411.0
2026-09-24 16:45:00,366,15,381,2026-09-24,16,1328.0,75.0,1403.0
2026-09-24 17:00:00,366,18,384,2026-09-24,17,1381.0,72.0,1453.0
2026-09-24 17:15:00,397,15,412,2026-09-24,17,1470.0,65.0,1535.0
2026-09-24 17:30:00,400,17,417,2026-09-24,17,1529.0,65.0,1594.0
2026-09-24 17:45:00,374,16,390,2026-09-24,17,1537.0,66.0,1603.0
2026-09-24 18:00:00,350,19,369,2026-09-24,18,1521.0,67.0,1588.0
2026-09-24 18:15:00,353,20,373,2026-09-24,18,1477.0,72.0,1549.0
2026-09-24 18:30:00,265,12,277,2026-09-24,18,1342.0,67.0,1409.0
2026-09-24 18:45:00,220,10,230,2026-09-24,18,1188.0,61.0,1249.0
2026-09-24 19:00:00,213,10,223,2026-09-24,19,1051.0,52.0,1103.0
2026-09-24 19:15:00,220,10,230,2026-09-24,19,918.0,42.0,960.0
2026-09-24 19:30:00,224,11,235,2026-09-24,19,877.0,41.0,918.0
2026-09-24 19:45:00,209,12,221,2026-09-24,19,866.0,43.0,909.0
2026-09-24 20:00:00,169,14,183,2026-09-24,20,822.0,47.0,869.0
2026-09-24 20:15:00,121,15,136,2026-09-24,20,723.0,52.0,775.0
2026-09-24 20:30:00,93,13,106,2026-09-24,20,592.0,54.0,646.0
2026-09-24 20:45:00,43,10,53,2026-09-24,20,426.0,52.0,478.0
2026-09-24 21:00:00,30,15,45,2026-09-24,21,287.0,53.0,340.0
2026-09-24 21:15:00,14,15,29,2026-09-24,21,180.0,53.0,233.0
2026-09-24 21:30:00,7,12,19,2026-09-24,21,94.0,52.0,146.0
2026-09-24 21:45:00,3,7,10,2026-09-24,21,54.0,49.0,103.0
2026-09-24 22:00:00,0,6,6,2026-09-24,22,24.0,40.0,64.0
2026-09-24 22:15:00,0,7,7,2026-09-24,22,10.0,32.0,42.0
2026-09-24 22:30:00,0,5,5,2026-09-24,22,3.0,25.0,28.0
2026-09-24 22:45:00,0,5,5,2026-09-24,22,0.0,23.0,23.0
2026-09-24 23:00:00,0,5,5,2026-09-24,23,0.0,22.0,22.0
2026-09-24 23:15:00,0,6,6,2026-09-24,23,0.0,21.0,21.0
2026-09-24 23:30:00,0,4,4,2026-09-24,23,0.0,20.0,20.0
2026-09-24 23:45:00,0,2,2,2026-09-24,23,0.0,17.0,17.0
2026-09-25 03:00:00,52,45,97,2026-09-25,3,52.0,45.0,97.0
2026-09-25 03:15:00,85,62,147,2026-09-25,3,137.0,107.0,244.0
2026-09-25 03:30:00,236,37,273,2026-09-25,3,373.0,144.0,517.0
2026-09-25 03:45:00,538,67,605,2026-09-25,3,911.0,211.0,1122.0
2026-09-25 04:00:00,684,24,708,2026-09-25,4,1543.0,190.0,1733.0
2026-09-25 04:15:00,809,33,842,2026-09-25,4,2267.0,161.0,2428.0
2026-09-25 04:30:00,794,53,847,2026-09-25,4,2825.0,177.0,3002.0
2026-09-25 04:45:00,722,72,794,2026-09-25,4,3009.0,182.0,3191.0
2026-09-25 05:00:00,626,54,680,2026-09-25,5,2951.0,212.0,3163.0
2026-09-25 05:15:00,570,44,614,2026-09-25,5,2712.0,223.0,2935.0
2026-09-25 05:30:00,489,60,549,2026-09-25,5,2407.0,230.0,2637.0
2026-09-25 05:45:00,442,57,499,2026-09-25,5,2127.0,215.0,2342.0
2026-09-25 06:00:00,362,31,393,2026-09-25,6,1863.0,192.0,2055.0
2026-09-25 06:15:00,453,40,493,2026-09-25,6,1746.0,188.0,1934.0
2026-09-25 06:30:00,589,40,629,2026-09-25,6,1846.0,168.0,2014.0
2026-09-25 06:45:00,530,39,569,2026-09-25,6,1934.0,150.0,2084.0
2026-09-25 07:00:00,504,38,542,2026-09-25,7,2076.0,157.0,2233.0
2026-09-25 07:15:00,534,41,575,2026-09-25,7,2157.0,158.0,2315.0
2026-09-25 07:30:00,495,40,535,2026-09-25,7,2063.0,158.0,2221.0
2026-09-25 07:45:00,503,40,543,2026-09-25,7,2036.0,159.0,2195.0
2026-09-25 08:00:00,458,36,494,2026-09-25,8,1990.0,157.0,2147.0
2026-09-25 08:15:00,472,29,501,2026-09-25,8,1928.0,145.0,2073.0
2026-09-25 08:30:00,469,32,501,2026-09-25,8,1902.0,137.0,2039.0
2026-09-25 08:45:00,454,23,477,2026-09-25,8,1853.0,120.0,1973.0
2026-09-25 09:00:00,409,30,439,2026-09-25,9,1804.0,114.0,1918.0
2026-09-25 09:15:00,406,33,439,2026-09-25,9,1738.0,118.0,1856.0
2026-09-25 09:30:00,366,54,420,2026-09-25,9,1635.0,140.0,1775.0
2026-09-25 09:45:00,373,42,415,2026-09-25,9,1554.0,159.0,1713.0
2026-09-25 10:00:00,406,54,460,2026-09-25,10,1551.0,183.0,1734.0
2026-09-25 10:15:00,418,52,470,2026-09-25,10,1563.0,202.0,1765.0
2026-09-25 10:30:00,453,45,498,2026-09-25,10,1650.0,193.0,1843.0
2026-09-25 10:45:00,450,45,495,2026-09-25,10,1727.0,196.0,1923.0
2026-09-25 11:00:00,544,40,584,2026-09-25,11,1865.0,182.0,2047.0
2026-09-25 11:15:00,626,49,675,2026-09-25,11,2073.0,179.0,2252.0
2026-09-25 11:30:00,705,64,769,2026-09-25,11,2325.0,198.0,2523.0
2026-09-25 11:45:00,752,63,815,2026-09-25,11,2627.0,216.0,2843.0
2026-09-25 12:00:00,692,52,744,2026-09-25,12,2775.0,228.0,3003.0
2026-09-25 12:15:00,702,51,753,2026-09-25,12,2851.0,230.0,3081.0
2026-09-25 12:30:00,655,51,706,2026-09-25,12,2801.0,217.0,3018.0
2026-09-25 12:45:00,632,57,689,2026-09-25,12,2681.0,211.0,2892.0
2026-09-25 13:00:00,607,43,650,2026-09-25,13,2596.0,202.0,2798.0
2026-09-25 13:15:00,479,46,525,2026-09-25,13,2373.0,197.0,2570.0
2026-09-25 13:30:00,445,51,496,2026-09-25,13,2163.0,197.0,2360.0
2026-09-25 13:45:00,429,41,470,2026-09-25,13,1960.0,181.0,2141.0
2026-09-25 14:00:00,379,27,406,2026-09-25,14,1732.0,165.0,1897.0
2026-09-25 14:15:00,317,30,347,2026-09-25,14,1570.0,149.0,1719.0
2026-09-25 14:30:00,336,26,362,2026-09-25,14,1461.0,124.0,1585.0
2026-09-25 14:45:00,392,23,415,2026-09-25,14,1424.0,106.0,1530.0
2026-09-25 15:00:00,417,19,436,2026-09-25,15,1462.0,98.0,1560.0
2026-09-25 15:15:00,439,19,458,2026-09-25,15,1584.0,87.0,1671.0
2026-09-25 15:30:00,430,25,455,2026-09-25,15,1678.0,86.0,1764.0
2026-09-25 15:45:00,489,22,511,2026-09-25,15,1775.0,85.0,1860.0
2026-09-25 16:00:00,476,22,498,2026-09-25,16,1834.0,88.0,1922.0
2026-09-25 16:15:00,409,25,434,2026-09-25,16,1804.0,94.0,1898.0
2026-09-25 16:30:00,401,15,416,2026-09-25,16,1775.0,84.0,1859.0
2026-09-25 16:45:00,400,21,421,2026-09-25,16,1686.0,83.0,1769.0
2026-09-25 17:00:00,377,12,389,2026-09-25,17,1587.0,73.0,1660.0
2026-09-25 17:15:00,376,16,392,2026-09-25,17,1554.0,64.0,1618.0
2026-09-25 17:30:00,369,19,388,2026-09-25,17,1522.0,68.0,1590.0
2026-09-25 17:45:00,358,17,375,2026-09-25,17,1480.0,64.0,1544.0
2026-09-25 18:00:00,304,22,326,2026-09-25,18,1407.0,74.0,1481.0
2026-09-25 18:15:00,258,19,277,2026-09-25,18,1289.0,77.0,1366.0
2026-09-25 18:30:00,183,14,197,2026-09-25,18,1103.0,72.0,1175.0
2026-09-25 18:45:00,169,13,182,2026-09-25,18,914.0,68.0,982.0
2026-09-25 19:00:00,144,11,155,2026-09-25,19,754.0,57.0,811.0
2026-09-25 19:15:00,155,11,166,2026-09-25,19,651.0,49.0,700.0
2026-09-25 19:30:00,153,13,166,2026-09-25,19,621.0,48.0,669.0
2026-09-25 19:45:00,130,11,141,2026-09-25,19,582.0,46.0,628.0
2026-09-25 20:00:00,121,7,128,2026-09-25,20,559.0,42.0,601.0
2026-09-25 20:15:00,91,18,109,2026-09-25,20,495.0,49.0,544.0
2026-09-25 20:30:00,64,16,80,2026-09-25,20,406.0,52.0,458.0
2026-09-25 20:45:00,45,16,61,2026-09-25,20,321.0,57.0,378.0
2026-09-25 21:00:00,20,15,35,2026-09-25,21,220.0,65.0,285.0
2026-09-25 21:15:00,11,12,23,2026-09-25,21,140.0,59.0,199.0
2026-09-25 21:30:00,19,8,27,2026-09-25,21,95.0,51.0,146.0
2026-09-25 21:45:00,13,8,21,2026-09-25,21,63.0,43.0,106.0
2026-09-25 22:00:00,12,5,17,2026-09-25,22,55.0,33.0,88.0
2026-09-25 22:15:00,9,3,12,2026-09-25,22,53.0,24.0,77.0
2026-09-25 22:30:00,8,5,13,2026-09-25,22,42.0,21.0,63.0
2026-09-25 22:45:00,3,2,5,2026-09-25,22,32.0,15.0,47.0
2026-09-25 23:00:00,2,6,8,2026-09-25,23,22.0,16.0,38.0
2026-09-25 23:15:00,2,5,7,2026-09-25,23,15.0,18.0,33.0
2026-09-25 23:30:00,2,3,5,2026-09-25,23,9.0,16.0,25.0
2026-09-25 23:45:00,1,3,4,2026-09-25,23,7.0,17.0,24.0
2026-09-26 03:00:00,81,39,120,2026-09-26,3,81.0,39.0,120.0
2026-09-26 03:15:00,154,53,207,2026-09-26,3,235.0,92.0,327.0
2026-09-26 03:30:00,261,40,301,2026-09-26,3,496.0,132.0,628.0
2026-09-26 03:45:00,505,58,563,2026-09-26,3,1001.0,190.0,1191.0
2026-09-26 04:00:00,630,25,655,2026-09-26,4,1550.0,176.0,1726.0
2026-09-26 04:15:00,692,32,724,2026-09-26,4,2088.0,155.0,2243.0
2026-09-26 04:30:00,750,50,800,2026-09-26,4,2577.0,165.0,2742.0
2026-09-26 04:45:00,643,74,717,2026-09-26,4,2715.0,181.0,2896.0
2026-09-26 05:00:00,565,48,613,2026-09-26,5,2650.0,204.0,2854.0
2026-09-26 05:15:00,503,38,541,2026-09-26,5,2461.0,210.0,2671.0
2026-09-26 05:30:00,409,41,450,2026-09-26,5,2120.0,201.0,2321.0
2026-09-26 05:45:00,415,45,460,2026-09-26,5,1892.0,172.0,2064.0
2026-09-26 06:00:00,386,26,412,2026-09-26,6,1713.0,150.0,1863.0
2026-09-26 06:15:00,488,30,518,2026-09-26,6,1698.0,142.0,1840.0
2026-09-26 06:30:00,519,41,560,2026-09-26,6,1808.0,142.0,1950.0
2026-09-26 06:45:00,519,40,559,2026-09-26,6,1912.0,137.0,2049.0
2026-09-26 07:00:00,524,28,552,2026-09-26,7,2050.0,139.0,2189.0
2026-09-26 07:15:00,485,40,525,2026-09-26,7,2047.0,149.0,2196.0
2026-09-26 07:30:00,428,20,448,2026-09-26,7,1956.0,128.0,2084.0
2026-09-26 07:45:00,369,28,397,2026-09-26,7,1806.0,116.0,1922.0
2026-09-26 08:00:00,296,24,320,2026-09-26,8,1578.0,112.0,1690.0
2026-09-26 08:15:00,388,26,414,2026-09-26,8,1481.0,98.0,1579.0
2026-09-26 08:30:00,423,18,441,2026-09-26,8,1476.0,96.0,1572.0
2026-09-26 08:45:00,510,23,533,2026-09-26,8,1617.0,91.0,1708.0
2026-09-26 09:00:00,570,26,596,2026-09-26,9,1891.0,93.0,1984.0
2026-09-26 09:15:00,540,37,577,2026-09-26,9,2043.0,104.0,2147.0
2026-09-26 09:30:00,544,58,602,2026-09-26,9,2164.0,144.0,2308.0
2026-09-26 09:45:00,475,42,517,2026-09-26,9,2129.0,163.0,2292.0
2026-09-26 10:00:00,459,44,503,2026-09-26,10,2018.0,181.0,2199.0
2026-09-26 10:15:00,450,52,502,2026-09-26,10,1928.0,196.0,2124.0
2026-09-26 10:30:00,430,48,478,2026-09-26,10,1814.0,186.0,2000.0
2026-09-26 10:45:00,469,47,516,2026-09-26,10,1808.0,191.0,1999.0
2026-09-26 11:00:00,413,47,460,2026-09-26,11,1762.0,194.0,1956.0
2026-09-26 11:15:00,469,35,504,2026-09-26,11,1781.0,177.0,1958.0
2026-09-26 11:30:00,473,49,522,2026-09-26,11,1824.0,178.0,2002.0
2026-09-26 11:45:00,427,63,490,2026-09-26,11,1782.0,194.0,1976.0
2026-09-26 12:00:00,494,57,551,2026-09-26,12,1863.0,204.0,2067.0
2026-09-26 12:15:00,525,51,576,2026-09-26,12,1919.0,220.0,2139.0
2026-09-26 12:30:00,519,47,566,2026-09-26,12,1965.0,218.0,2183.0
2026-09-26 12:45:00,508,50,558,2026-09-26,12,2046.0,205.0,2251.0
2026-09-26 13:00:00,396,30,426,2026-09-26,13,1948.0,178.0,2126.0
2026-09-26 13:15:00,383,27,410,2026-09-26,13,1806.0,154.0,1960.0
2026-09-26 13:30:00,351,43,394,2026-09-26,13,1638.0,150.0,1788.0
2026-09-26 13:45:00,286,36,322,2026-09-26,13,1416.0,136.0,1552.0
2026-09-26 14:00:00,308,20,328,2026-09-26,14,1328.0,126.0,1454.0
2026-09-26 14:15:00,314,21,335,2026-09-26,14,1259.0,120.0,1379.0
2026-09-26 14:30:00,255,22,277,2026-09-26,14,1163.0,99.0,1262.0
2026-09-26 14:45:00,254,18,272,2026-09-26,14,1131.0,81.0,1212.0
2026-09-26 15:00:00,299,21,320,2026-09-26,15,1122.0,82.0,1204.0
2026-09-26 15:15:00,317,26,343,2026-09-26,15,1125.0,87.0,1212.0
2026-09-26 15:30:00,322,25,347,2026-09-26,15,1192.0,90.0,1282.0
2026-09-26 15:45:00,344,25,369,2026-09-26,15,1282.0,97.0,1379.0
2026-09-26 16:00:00,264,22,286,2026-09-26,16,1247.0,98.0,1345.0
2026-09-26 16:15:00,284,23,307,2026-09-26,16,1214.0,95.0,1309.0
2026-09-26 16:30:00,234,18,252,2026-09-26,16,1126.0,88.0,1214.0
2026-09-26 16:45:00,249,13,262,2026-09-26,16,1031.0,76.0,1107.0
2026-09-26 17:00:00,224,12,236,2026-09-26,17,991.0,66.0,1057.0
2026-09-26 17:15:00,213,14,227,2026-09-26,17,920.0,57.0,977.0
2026-09-26 17:30:00,212,17,229,2026-09-26,17,898.0,56.0,954.0
2026-09-26 17:45:00,204,18,222,2026-09-26,17,853.0,61.0,914.0
2026-09-26 18:00:00,209,22,231,2026-09-26,18,838.0,71.0,909.0
2026-09-26 18:15:00,187,14,201,2026-09-26,18,812.0,71.0,883.0
2026-09-26 18:30:00,141,14,155,2026-09-26,18,741.0,68.0,809.0
2026-09-26 18:45:00,128,13,141,2026-09-26,18,665.0,63.0,728.0
2026-09-26 19:00:00,97,14,111,2026-09-26,19,553.0,55.0,608.0
2026-09-26 19:15:00,95,11,106,2026-09-26,19,461.0,52.0,513.0
2026-09-26 19:30:00,91,11,102,2026-09-26,19,411.0,49.0,460.0
2026-09-26 19:45:00,111,11,122,2026-09-26,19,394.0,47.0,441.0
2026-09-26 20:00:00,86,12,98,2026-09-26,20,383.0,45.0,428.0
2026-09-26 20:15:00,68,15,83,2026-09-26,20,356.0,49.0,405.0
2026-09-26 20:30:00,29,12,41,2026-09-26,20,294.0,50.0,344.0
2026-09-26 20:45:00,29,12,41,2026-09-26,20,212.0,51.0,263.0
2026-09-26 21:00:00,6,17,23,2026-09-26,21,132.0,56.0,188.0
2026-09-26 21:15:00,6,12,18,2026-09-26,21,70.0,53.0,123.0
2026-09-26 21:30:00,4,5,9,2026-09-26,21,45.0,46.0,91.0
2026-09-26 21:45:00,0,7,7,2026-09-26,21,16.0,41.0,57.0
2026-09-26 22:00:00,0,4,4,2026-09-26,22,10.0,28.0,38.0
2026-09-26 22:15:00,0,4,4,2026-09-26,22,4.0,20.0,24.0
2026-09-26 22:30:00,0,8,8,2026-09-26,22,0.0,23.0,23.0
2026-09-26 22:45:00,0,5,5,2026-09-26,22,0.0,21.0,21.0
2026-09-26 23:00:00,0,3,3,2026-09-26,23,0.0,20.0,20.0
2026-09-26 23:15:00,0,3,3,2026-09-26,23,0.0,19.0,19.0
2026-09-26 23:30:00,0,3,3,2026-09-26,23,0.0,14.0,14.0
2026-09-26 23:45:00,0,1,1,2026-09-26,23,0.0,10.0,10.0
2026-09-27 03:00:00,88,35,123,2026-09-27,3,88.0,35.0,123.0
2026-09-27 03:15:00,170,59,229,2026-09-27,3,258.0,94.0,352.0
2026-09-27 03:30:00,259,31,290,2026-09-27,3,517.0,125.0,642.0
2026-09-27 03:45:00,417,60,477,2026-09-27,3,934.0,185.0,1119.0
2026-09-27 04:00:00,473,36,509,2026-09-27,4,1319.0,186.0,1505.0
2026-09-27 04:15:00,596,31,627,2026-09-27,4,1745.0,158.0,1903.0
2026-09-27 04:30:00,618,59,677,2026-09-27,4,2104.0,186.0,2290.0
2026-09-27 04:45:00,615,71,686,2026-09-27,4,2302.0,197.0,2499.0
2026-09-27 05:00:00,565,35,600,2026-09-27,5,2394.0,196.0,2590.0
2026-09-27 05:15:00,556,37,593,2026-09-27,5,2354.0,202.0,2556.0
2026-09-27 05:30:00,450,42,492,2026-09-27,5,2186.0,185.0,2371.0
2026-09-27 05:45:00,401,52,453,2026-09-27,5,1972.0,166.0,2138.0
2026-09-27 06:00:00,390,43,433,2026-09-27,6,1797.0,174.0,1971.0
2026-09-27 06:15:00,447,40,487,2026-09-27,6,1688.0,177.0,1865.0
2026-09-27 06:30:00,438,36,474,2026-09-27,6,1676.0,171.0,1847.0
2026-09-27 06:45:00,378,40,418,2026-09-27,6,1653.0,159.0,1812.0
2026-09-27 07:00:00,355,32,387,2026-09-27,7,1618.0,148.0,1766.0
2026-09-27 07:15:00,384,44,428,2026-09-27,7,1555.0,152.0,1707.0
2026-09-27 07:30:00,407,25,432,2026-09-27,7,1524.0,141.0,1665.0
2026-09-27 07:45:00,396,24,420,2026-09-27,7,1542.0,125.0,1667.0
2026-09-27 08:00:00,434,20,454,2026-09-27,8,1621.0,113.0,1734.0
2026-09-27 08:15:00,495,17,512,2026-09-27,8,1732.0,86.0,1818.0
2026-09-27 08:30:00,478,26,504,2026-09-27,8,1803.0,87.0,1890.0
2026-09-27 08:45:00,466,26,492,2026-09-27,8,1873.0,89.0,1962.0
2026-09-27 09:00:00,505,24,529,2026-09-27,9,1944.0,93.0,2037.0
2026-09-27 09:15:00,603,35,638,2026-09-27,9,2052.0,111.0,2163.0
2026-09-27 09:30:00,593,61,654,2026-09-27,9,2167.0,146.0,2313.0
2026-09-27 09:45:00,551,45,596,2026-09-27,9,2252.0,165.0,2417.0
2026-09-27 10:00:00,557,52,609,2026-09-27,10,2304.0,193.0,2497.0
2026-09-27 10:15:00,488,56,544,2026-09-27,10,2189.0,214.0,2403.0
2026-09-27 10:30:00,456,40,496,2026-09-27,10,2052.0,193.0,2245.0
2026-09-27 10:45:00,456,40,496,2026-09-27,10,1957.0,188.0,2145.0
2026-09-27 11:00:00,531,32,563,2026-09-27,11,1931.0,168.0,2099.0
2026-09-27 11:15:00,556,39,595,2026-09-27,11,1999.0,151.0,2150.0
2026-09-27 11:30:00,567,53,620,2026-09-27,11,2110.0,164.0,2274.0
2026-09-27 11:45:00,634,53,687,2026-09-27,11,2288.0,177.0,2465.0
2026-09-27 12:00:00,631,60,691,2026-09-27,12,2388.0,205.0,2593.0
2026-09-27 12:15:00,571,54,625,2026-09-27,12,2403.0,220.0,2623.0
2026-09-27 12:30:00,551,62,613,2026-09-27,12,2387.0,229.0,2616.0
2026-09-27 12:45:00,505,53,558,2026-09-27,12,2258.0,229.0,2487.0
2026-09-27 13:00:00,418,39,457,2026-09-27,13,2045.0,208.0,2253.0
2026-09-27 13:15:00,378,38,416,2026-09-27,13,1852.0,192.0,2044.0
2026-09-27 13:30:00,352,50,402,2026-09-27,13,1653.0,180.0,1833.0
2026-09-27 13:45:00,342,31,373,2026-09-27,13,1490.0,158.0,1648.0
2026-09-27 14:00:00,320,23,343,2026-09-27,14,1392.0,142.0,1534.0
2026-09-27 14:15:00,344,22,366,2026-09-27,14,1358.0,126.0,1484.0
2026-09-27 14:30:00,310,19,329,2026-09-27,14,1316.0,95.0,1411.0
2026-09-27 14:45:00,377,26,403,2026-09-27,14,1351.0,90.0,1441.0
2026-09-27 15:00:00,462,20,482,2026-09-27,15,1493.0,87.0,1580.0
2026-09-27 15:15:00,507,18,525,2026-09-27,15,1656.0,83.0,1739.0
2026-09-27 15:30:00,511,26,537,2026-09-27,15,1857.0,90.0,1947.0
2026-09-27 15:45:00,496,22,518,2026-09-27,15,1976.0,86.0,2062.0
2026-09-27 16:00:00,424,28,452,2026-09-27,16,1938.0,94.0,2032.0
2026-09-27 16:15:00,381,21,402,2026-09-27,16,1812.0,97.0,1909.0
2026-09-27 16:30:00,381,19,400,2026-09-27,16,1682.0,90.0,1772.0
2026-09-27 16:45:00,316,12,328,2026-09-27,16,1502.0,80.0,1582.0
2026-09-27 17:00:00,303,13,316,2026-09-27,17,1381.0,65.0,1446.0
2026-09-27 17:15:00,359,13,372,2026-09-27,17,1359.0,57.0,1416.0
2026-09-27 17:30:00,378,15,393,2026-09-27,17,1356.0,53.0,1409.0
2026-09-27 17:45:00,449,16,465,2026-09-27,17,1489.0,57.0,1546.0
2026-09-27 18:00:00,502,24,526,2026-09-27,18,1688.0,68.0,1756.0
2026-09-27 18:15:00,534,15,549,2026-09-27,18,1863.0,70.0,1933.0
2026-09-27 18:30:00,458,12,470,2026-09-27,18,1943.0,67.0,2010.0
2026-09-27 18:45:00,425,13,438,2026-09-27,18,1919.0,64.0,1983.0
2026-09-27 19:00:00,365,12,377,2026-09-27,19,1782.0,52.0,1834.0
2026-09-27 19:15:00,261,10,271,2026-09-27,19,1509.0,47.0,1556.0
2026-09-27 19:30:00,251,15,266,2026-09-27,19,1302.0,50.0,1352.0
2026-09-27 19:45:00,184,13,197,2026-09-27,19,1061.0,50.0,1111.0
2026-09-27 20:00:00,155,12,167,2026-09-27,20,851.0,50.0,901.0
2026-09-27 20:15:00,99,10,109,2026-09-27,20,689.0,50.0,739.0
2026-09-27 20:30:00,47,13,60,2026-09-27,20,485.0,48.0,533.0
2026-09-27 20:45:00,47,20,67,2026-09-27,20,348.0,55.0,403.0
2026-09-27 21:00:00,18,18,36,2026-09-27,21,211.0,61.0,272.0
2026-09-27 21:15:00,22,13,35,2026-09-27,21,134.0,64.0,198.0
2026-09-27 21:30:00,18,9,27,2026-09-27,21,105.0,60.0,165.0
2026-09-27 21:45:00,20,8,28,2026-09-27,21,78.0,48.0,126.0
2026-09-27 22:00:00,19,6,25,2026-09-27,22,79.0,36.0,115.0
2026-09-27 22:15:00,12,6,18,2026-09-27,22,69.0,29.0,98.0
2026-09-27 22:30:00,11,4,15,2026-09-27,22,62.0,24.0,86.0
2026-09-27 22:45:00,5,3,8,2026-09-27,22,47.0,19.0,66.0
2026-09-27 23:00:00,1,5,6,2026-09-27,23,29.0,18.0,47.0
2026-09-27 23:15:00,1,6,7,2026-09-27,23,18.0,18.0,36.0
2026-09-27 23:30:00,0,3,3,2026-09-27,23,7.0,17.0,24.0
2026-09-27 23:45:00,0,3,3,2026-09-27,23,2.0,17.0,19.0
2026-09-28 03:00:00,85,41,126,2026-09-28,3,85.0,41.0,126.0
2026-09-28 03:15:00,202,62,264,2026-09-28,3,287.0,103.0,390.0
2026-09-28 03:30:00,279,37,316,2026-09-28,3,566.0,140.0,706.0
2026-09-28 03:45:00,424,53,477,2026-09-28,3,990.0,193.0,1183.0
2026-09-28 04:00:00,577,28,605,2026-09-28,4,1482.0,180.0,1662.0
2026-09-28 04:15:00,613,32,645,2026-09-28,4,1893.0,150.0,2043.0
2026-09-28 04:30:00,632,60,692,2026-09-28,4,2246.0,173.0,2419.0
2026-09-28 04:45:00,553,61,614,2026-09-28,4,2375.0,181.0,2556.0
2026-09-28 05:00:00,525,45,570,2026-09-28,5,2323.0,198.0,2521.0
2026-09-28 05:15:00,525,40,565,2026-09-28,5,2235.0,206.0,2441.0
2026-09-28 05:30:00,475,48,523,2026-09-28,5,2078.0,194.0,2272.0
2026-09-28 05:45:00,483,61,544,2026-09-28,5,2008.0,194.0,2202.0
2026-09-28 06:00:00,517,45,562,2026-09-28,6,2000.0,194.0,2194.0
2026-09-28 06:15:00,529,39,568,2026-09-28,6,2004.0,193.0,2197.0
2026-09-28 06:30:00,593,39,632,2026-09-28,6,2122.0,184.0,2306.0
2026-09-28 06:45:00,533,48,581,2026-09-28,6,2172.0,171.0,2343.0
2026-09-28 07:00:00,413,33,446,2026-09-28,7,2068.0,159.0,2227.0
2026-09-28 07:15:00,462,42,504,2026-09-28,7,2001.0,162.0,2163.0
2026-09-28 07:30:00,506,31,537,2026-09-28,7,1914.0,154.0,2068.0
2026-09-28 07:45:00,541,37,578,2026-09-28,7,1922.0,143.0,2065.0
2026-09-28 08:00:00,492,33,525,2026-09-28,8,2001.0,143.0,2144.0
2026-09-28 08:15:00,486,25,511,2026-09-28,8,2025.0,126.0,2151.0
2026-09-28 08:30:00,525,23,548,2026-09-28,8,2044.0,118.0,2162.0
2026-09-28 08:45:00,472,29,501,2026-09-28,8,1975.0,110.0,2085.0
2026-09-28 09:00:00,476,25,501,2026-09-28,9,1959.0,102.0,2061.0
2026-09-28 09:15:00,451,32,483,2026-09-28,9,1924.0,109.0,2033.0
2026-09-28 09:30:00,456,50,506,2026-09-28,9,1855.0,136.0,1991.0
2026-09-28 09:45:00,397,52,449,2026-09-28,9,1780.0,159.0,1939.0
2026-09-28 10:00:00,399,48,447,2026-09-28,10,1703.0,182.0,1885.0
2026-09-28 10:15:00,413,57,470,2026-09-28,10,1665.0,207.0,1872.0
2026-09-28 10:30:00,431,40,471,2026-09-28,10,1640.0,197.0,1837.0
2026-09-28 10:45:00,511,39,550,2026-09-28,10,1754.0,184.0,1938.0
2026-09-28 11:00:00,569,45,614,2026-09-28,11,1924.0,181.0,2105.0
2026-09-28 11:15:00,592,44,636,2026-09-28,11,2103.0,168.0,2271.0
2026-09-28 11:30:00,673,55,728,2026-09-28,11,2345.0,183.0,2528.0
2026-09-28 11:45:00,649,63,712,2026-09-28,11,2483.0,207.0,2690.0
2026-09-28 12:00:00,641,54,695,2026-09-28,12,2555.0,216.0,2771.0
2026-09-28 12:15:00,641,51,692,2026-09-28,12,2604.0,223.0,2827.0
2026-09-28 12:30:00,567,59,626,2026-09-28,12,2498.0,227.0,2725.0
2026-09-28 12:45:00,535,62,597,2026-09-28,12,2384.0,226.0,2610.0
2026-09-28 13:00:00,467,40,507,2026-09-28,13,2210.0,212.0,2422.0
2026-09-28 13:15:00,427,50,477,2026-09-28,13,1996.0,211.0,2207.0
2026-09-28 13:30:00,474,48,522,2026-09-28,13,1903.0,200.0,2103.0
2026-09-28 13:45:00,422,38,460,2026-09-28,13,1790.0,176.0,1966.0
2026-09-28 14:00:00,357,30,387,2026-09-28,14,1680.0,166.0,1846.0
2026-09-28 14:15:00,323,40,363,2026-09-28,14,1576.0,156.0,1732.0
2026-09-28 14:30:00,384,28,412,2026-09-28,14,1486.0,136.0,1622.0
2026-09-28 14:45:00,405,28,433,2026-09-28,14,1469.0,126.0,1595.0
2026-09-28 15:00:00,413,17,430,2026-09-28,15,1525.0,113.0,1638.0
2026-09-28 15:15:00,528,22,550,2026-09-28,15,1730.0,95.0,1825.0
2026-09-28 15:30:00,488,28,516,2026-09-28,15,1834.0,95.0,1929.0
2026-09-28 15:45:00,435,24,459,2026-09-28,15,1864.0,91.0,1955.0
2026-09-28 16:00:00,338,24,362,2026-09-28,16,1789.0,98.0,1887.0
2026-09-28 16:15:00,318,17,335,2026-09-28,16,1579.0,93.0,1672.0
2026-09-28 16:30:00,330,20,350,2026-09-28,16,1421.0,85.0,1506.0
2026-09-28 16:45:00,336,17,353,2026-09-28,16,1322.0,78.0,1400.0
2026-09-28 17:00:00,367,14,381,2026-09-28,17,1351.0,68.0,1419.0
2026-09-28 17:15:00,395,16,411,2026-09-28,17,1428.0,67.0,1495.0
2026-09-28 17:30:00,412,15,427,2026-09-28,17,1510.0,62.0,1572.0
2026-09-28 17:45:00,463,20,483,2026-09-28,17,1637.0,65.0,1702.0
2026-09-28 18:00:00,372,24,396,2026-09-28,18,1642.0,75.0,1717.0
2026-09-28 18:15:00,298,16,314,2026-09-28,18,1545.0,75.0,1620.0
2026-09-28 18:30:00,254,16,270,2026-09-28,18,1387.0,76.0,1463.0
2026-09-28 18:45:00,208,14,222,2026-09-28,18,1132.0,70.0,1202.0
2026-09-28 19:00:00,160,11,171,2026-09-28,19,920.0,57.0,977.0
2026-09-28 19:15:00,164,11,175,2026-09-28,19,786.0,52.0,838.0
2026-09-28 19:30:00,167,15,182,2026-09-28,19,699.0,51.0,750.0
2026-09-28 19:45:00,155,12,167,2026-09-28,19,646.0,49.0,695.0
2026-09-28 20:00:00,117,12,129,2026-09-28,20,603.0,50.0,653.0
2026-09-28 20:15:00,99,19,118,2026-09-28,20,538.0,58.0,596.0
2026-09-28 20:30:00,60,14,74,2026-09-28,20,431.0,57.0,488.0
2026-09-28 20:45:00,29,12,41,2026-09-28,20,305.0,57.0,362.0
2026-09-28 21:00:00,11,19,30,2026-09-28,21,199.0,64.0,263.0
2026-09-28 21:15:00,4,18,22,2026-09-28,21,104.0,63.0,167.0
2026-09-28 21:30:00,1,9,10,2026-09-28,21,45.0,58.0,103.0
2026-09-28 21:45:00,1,10,11,2026-09-28,21,17.0,56.0,73.0
2026-09-28 22:00:00,0,5,5,2026-09-28,22,6.0,42.0,48.0
2026-09-28 22:15:00,0,5,5,2026-09-28,22,2.0,29.0,31.0
2026-09-28 22:30:00,0,5,5,2026-09-28,22,1.0,25.0,26.0
2026-09-28 22:45:00,0,6,6,2026-09-28,22,0.0,21.0,21.0
2026-09-28 23:00:00,0,4,4,2026-09-28,23,0.0,20.0,20.0
2026-09-28 23:15:00,0,2,2,2026-09-28,23,0.0,17.0,17.0
2026-09-28 23:30:00,0,4,4,2026-09-28,23,0.0,16.0,16.0
2026-09-28 23:45:00,3,3,6,2026-09-28,23,3.0,13.0,16.0
2026-09-29 03:00:00,50,31,81,2026-09-29,3,50.0,31.0,81.0
2026-09-29 03:15:00,94,56,150,2026-09-29,3,144.0,87.0,231.0
2026-09-29 03:30:00,248,43,291,2026-09-29,3,392.0,130.0,522.0
2026-09-29 03:45:00,437,68,505,2026-09-29,3,829.0,198.0,1027.0
2026-09-29 04:00:00,512,35,547,2026-09-29,4,1291.0,202.0,1493.0
2026-09-29 04:15:00,598,39,637,2026-09-29,4,1795.0,185.0,1980.0
2026-09-29 04:30:00,668,63,731,2026-09-29,4,2215.0,205.0,2420.0
2026-09-29 04:45:00,616,70,686,2026-09-29,4,2394.0,207.0,2601.0
2026-09-29 05:00:00,517,51,568,2026-09-29,5,2399.0,223.0,2622.0
2026-09-29 05:15:00,478,33,511,2026-09-29,5,2279.0,217.0,2496.0
2026-09-29 05:30:00,352,36,388,2026-09-29,5,1963.0,190.0,2153.0
2026-09-29 05:45:00,350,61,411,2026-09-29,5,1697.0,181.0,1878.0
2026-09-29 06:00:00,409,48,457,2026-09-29,6,1589.0,178.0,1767.0
2026-09-29 06:15:00,355,35,390,2026-09-29,6,1466.0,180.0,1646.0
2026-09-29 06:30:00,314,36,350,2026-09-29,6,1428.0,180.0,1608.0
2026-09-29 06:45:00,350,38,388,2026-09-29,6,1428.0,157.0,1585.0
2026-09-29 07:00:00,401,24,425,2026-09-29,7,1420.0,133.0,1553.0
2026-09-29 07:15:00,470,37,507,2026-09-29,7,1535.0,135.0,1670.0
2026-09-29 07:30:00,461,32,493,2026-09-29,7,1682.0,131.0,1813.0
2026-09-29 07:45:00,477,39,516,2026-09-29,7,1809.0,132.0,1941.0
2026-09-29 08:00:00,419,35,454,2026-09-29,8,1827.0,143.0,1970.0
2026-09-29 08:15:00,429,31,460,2026-09-29,8,1786.0,137.0,1923.0
2026-09-29 08:30:00,451,28,479,2026-09-29,8,1776.0,133.0,1909.0
2026-09-29 08:45:00,494,31,525,2026-09-29,8,1793.0,125.0,1918.0
2026-09-29 09:00:00,465,30,495,2026-09-29,9,1839.0,120.0,1959.0
2026-09-29 09:15:00,443,31,474,2026-09-29,9,1853.0,120.0,1973.0
2026-09-29 09:30:00,400,54,454,2026-09-29,9,1802.0,146.0,1948.0
2026-09-29 09:45:00,425,51,476,2026-09-29,9,1733.0,166.0,1899.0
2026-09-29 10:00:00,431,64,495,2026-09-29,10,1699.0,200.0,1899.0
2026-09-29 10:15:00,427,44,471,2026-09-29,10,1683.0,213.0,1896.0
2026-09-29 10:30:00,391,46,437,2026-09-29,10,1674.0,205.0,1879.0
2026-09-29 10:45:00,390,41,431,2026-09-29,10,1639.0,195.0,1834.0
2026-09-29 11:00:00,407,50,457,2026-09-29,11,1615.0,181.0,1796.0
2026-09-29 11:15:00,443,50,493,2026-09-29,11,1631.0,187.0,1818.0
2026-09-29 11:30:00,464,50,514,2026-09-29,11,1704.0,191.0,1895.0
2026-09-29 11:45:00,454,53,507,2026-09-29,11,1768.0,203.0,1971.0
2026-09-29 12:00:00,514,61,575,2026-09-29,12,1875.0,214.0,2089.0
2026-09-29 12:15:00,536,58,594,2026-09-29,12,1968.0,222.0,2190.0
2026-09-29 12:30:00,503,57,560,2026-09-29,12,2007.0,229.0,2236.0
2026-09-29 12:45:00,457,49,506,2026-09-29,12,2010.0,225.0,2235.0
2026-09-29 13:00:00,434,38,472,2026-09-29,13,1930.0,202.0,2132.0
2026-09-29 13:15:00,440,52,492,2026-09-29,13,1834.0,196.0,2030.0
2026-09-29 13:30:00,372,63,435,2026-09-29,13,1703.0,202.0,1905.0
2026-09-29 13:45:00,319,39,358,2026-09-29,13,1565.0,192.0,1757.0
2026-09-29 14:00:00,337,24,361,2026-09-29,14,1468.0,178.0,1646.0
2026-09-29 14:15:00,368,36,404,2026-09-29,14,1396.0,162.0,1558.0
2026-09-29 14:30:00,331,34,365,2026-09-29,14,1355.0,133.0,1488.0
2026-09-29 14:45:00,323,27,350,2026-09-29,14,1359.0,121.0,1480.0
2026-09-29 15:00:00,357,26,383,2026-09-29,15,1379.0,123.0,1502.0
2026-09-29 15:15:00,358,26,384,2026-09-29,15,1369.0,113.0,1482.0
2026-09-29 15:30:00,363,28,391,2026-09-29,15,1401.0,107.0,1508.0
2026-09-29 15:45:00,337,25,362,2026-09-29,15,1415.0,105.0,1520.0
2026-09-29 16:00:00,298,22,320,2026-09-29,16,1356.0,101.0,1457.0
2026-09-29 16:15:00,265,24,289,2026-09-29,16,1263.0,99.0,1362.0
2026-09-29 16:30:00,191,18,209,2026-09-29,16,1091.0,89.0,1180.0
2026-09-29 16:45:00,203,23,226,2026-09-29,16,957.0,87.0,1044.0
2026-09-29 17:00:00,201,16,217,2026-09-29,17,860.0,81.0,941.0
2026-09-29 17:15:00,216,15,231,2026-09-29,17,811.0,72.0,883.0
2026-09-29 17:30:00,193,17,210,2026-09-29,17,813.0,71.0,884.0
2026-09-29 17:45:00,180,17,197,2026-09-29,17,790.0,65.0,855.0
2026-09-29 18:00:00,184,24,208,2026-09-29,18,773.0,73.0,846.0
2026-09-29 18:15:00,210,15,225,2026-09-29,18,767.0,73.0,840.0
2026-09-29 18:30:00,180,14,194,2026-09-29,18,754.0,70.0,824.0
2026-09-29 18:45:00,136,17,153,2026-09-29,18,710.0,70.0,780.0
2026-09-29 19:00:00,103,12,115,2026-09-29,19,629.0,58.0,687.0
2026-09-29 19:15:00,126,14,140,2026-09-29,19,545.0,57.0,602.0
2026-09-29 19:30:00,120,11,131,2026-09-29,19,485.0,54.0,539.0
2026-09-29 19:45:00,133,13,146,2026-09-29,19,482.0,50.0,532.0
2026-09-29 20:00:00,106,13,119,2026-09-29,20,485.0,51.0,536.0
2026-09-29 20:15:00,92,18,110,2026-09-29,20,451.0,55.0,506.0
2026-09-29 20:30:00,47,19,66,2026-09-29,20,378.0,63.0,441.0
2026-09-29 20:45:00,26,14,40,2026-09-29,20,271.0,64.0,335.0
2026-09-29 21:00:00,11,15,26,2026-09-29,21,176.0,66.0,242.0
2026-09-29 21:15:00,3,14,17,2026-09-29,21,87.0,62.0,149.0
2026-09-29 21:30:00,1,12,13,2026-09-29,21,41.0,55.0,96.0
2026-09-29 21:45:00,0,12,12,2026-09-29,21,15.0,53.0,68.0
2026-09-29 22:00:00,0,9,9,2026-09-29,22,4.0,47.0,51.0
2026-09-29 22:15:00,0,10,10,2026-09-29,22,1.0,43.0,44.0
2026-09-29 22:30:00,0,7,7,2026-09-29,22,0.0,38.0,38.0
2026-09-29 22:45:00,0,3,3,2026-09-29,22,0.0,29.0,29.0
2026-09-29 23:00:00,0,5,5,2026-09-29,23,0.0,25.0,25.0
2026-09-29 23:15:00,0,5,5,2026-09-29,23,0.0,20.0,20.0
2026-09-29 23:30:00,0,1,1,2026-09-29,23,0.0,14.0,14.0
2026-09-29 23:45:00,0,1,1,2026-09-29,23,0.0,12.0,12.0
2026-09-30 03:00:00,46,33,79,2026-09-30,3,46.0,33.0,79.0
2026-09-30 03:15:00,87,41,128,2026-09-30,3,133.0,74.0,207.0
2026-09-30 03:30:00,236,39,275,2026-09-30,3,369.0,113.0,482.0
2026-09-30 03:45:00,449,60,509,2026-09-30,3,818.0,173.0,991.0
2026-09-30 04:00:00,570,32,602,2026-09-30,4,1342.0,172.0,1514.0
2026-09-30 04:15:00,608,34,642,2026-09-30,4,1863.0,165.0,2028.0
2026-09-30 04:30:00,605,49,654,2026-09-30,4,2232.0,175.0,2407.0
2026-09-30 04:45:00,567,70,637,2026-09-30,4,2350.0,185.0,2535.0
2026-09-30 05:00:00,497,57,554,2026-09-30,5,2277.0,210.0,2487.0
2026-09-30 05:15:00,447,50,497,2026-09-30,5,2116.0,226.0,2342.0
2026-09-30 05:30:00,435,49,484,2026-09-30,5,1946.0,226.0,2172.0
2026-09-30 05:45:00,399,51,450,2026-09-30,5,1778.0,207.0,1985.0
2026-09-30 06:00:00,418,41,459,2026-09-30,6,1699.0,191.0,1890.0
2026-09-30 06:15:00,407,48,455,2026-09-30,6,1659.0,189.0,1848.0
2026-09-30 06:30:00,418,33,451,2026-09-30,6,1642.0,173.0,1815.0
2026-09-30 06:45:00,472,34,506,2026-09-30,6,1715.0,156.0,1871.0
2026-09-30 07:00:00,502,26,528,2026-09-30,7,1799.0,141.0,1940.0
2026-09-30 07:15:00,528,37,565,2026-09-30,7,1920.0,130.0,2050.0
2026-09-30 07:30:00,523,34,557,2026-09-30,7,2025.0,131.0,2156.0
2026-09-30 07:45:00,433,32,465,2026-09-30,7,1986.0,129.0,2115.0
2026-09-30 08:00:00,405,27,432,2026-09-30,8,1889.0,130.0,2019.0
2026-09-30 08:15:00,448,26,474,2026-09-30,8,1809.0,119.0,1928.0
2026-09-30 08:30:00,527,31,558,2026-09-30,8,1813.0,116.0,1929.0
2026-09-30 08:45:00,514,36,550,2026-09-30,8,1894.0,120.0,2014.0
2026-09-30 09:00:00,521,25,546,2026-09-30,9,2010.0,118.0,2128.0
2026-09-30 09:15:00,528,37,565,2026-09-30,9,2090.0,129.0,2219.0
2026-09-30 09:30:00,482,51,533,2026-09-30,9,2045.0,149.0,2194.0
2026-09-30 09:45:00,474,59,533,2026-09-30,9,2005.0,172.0,2177.0
2026-09-30 10:00:00,436,50,486,2026-09-30,10,1920.0,197.0,2117.0
2026-09-30 10:15:00,390,49,439,2026-09-30,10,1782.0,209.0,1991.0
2026-09-30 10:30:00,421,47,468,2026-09-30,10,1721.0,205.0,1926.0
2026-09-30 10:45:00,404,49,453,2026-09-30,10,1651.0,195.0,1846.0
2026-09-30 11:00:00,424,46,470,2026-09-30,11,1639.0,191.0,1830.0
2026-09-30 11:15:00,456,48,504,2026-09-30,11,1705.0,190.0,1895.0
2026-09-30 11:30:00,511,51,562,2026-09-30,11,1795.0,194.0,1989.0
2026-09-30 11:45:00,551,60,611,2026-09-30,11,1942.0,205.0,2147.0
2026-09-30 12:00:00,497,42,539,2026-09-30,12,2015.0,201.0,2216.0
2026-09-30 12:15:00,453,52,505,2026-09-30,12,2012.0,205.0,2217.0
2026-09-30 12:30:00,432,69,501,2026-09-30,12,1933.0,223.0,2156.0
2026-09-30 12:45:00,509,63,572,2026-09-30,12,1891.0,226.0,2117.0
2026-09-30 13:00:00,478,49,527,2026-09-30,13,1872.0,233.0,2105.0
2026-09-30 13:15:00,509,38,547,2026-09-30,13,1928.0,219.0,2147.0
2026-09-30 13:30:00,486,46,532,2026-09-30,13,1982.0,196.0,2178.0
2026-09-30 13:45:00,406,27,433,2026-09-30,13,1879.0,160.0,2039.0
2026-09-30 14:00:00,384,32,416,2026-09-30,14,1785.0,143.0,1928.0
2026-09-30 14:15:00,336,32,368,2026-09-30,14,1612.0,137.0,1749.0
2026-09-30 14:30:00,318,40,358,2026-09-30,14,1444.0,131.0,1575.0
2026-09-30 14:45:00,312,28,340,2026-09-30,14,1350.0,132.0,1482.0
2026-09-30 15:00:00,365,30,395,2026-09-30,15,1331.0,130.0,1461.0
2026-09-30 15:15:00,363,24,387,2026-09-30,15,1358.0,122.0,1480.0
2026-09-30 15:30:00,337,18,355,2026-09-30,15,1377.0,100.0,1477.0
2026-09-30 15:45:00,315,20,335,2026-09-30,15,1380.0,92.0,1472.0
2026-09-30 16:00:00,305,26,331,2026-09-30,16,1320.0,88.0,1408.0
2026-09-30 16:15:00,203,35,238,2026-09-30,16,1160.0,99.0,1259.0
2026-09-30 16:30:00,194,17,211,2026-09-30,16,1017.0,98.0,1115.0
2026-09-30 16:45:00,244,18,262,2026-09-30,16,946.0,96.0,1042.0
2026-09-30 17:00:00,212,12,224,2026-09-30,17,853.0,82.0,935.0
2026-09-30 17:15:00,191,20,211,2026-09-30,17,841.0,67.0,908.0
2026-09-30 17:30:00,168,17,185,2026-09-30,17,815.0,67.0,882.0
2026-09-30 17:45:00,161,17,178,2026-09-30,17,732.0,66.0,798.0
2026-09-30 18:00:00,156,22,178,2026-09-30,18,676.0,76.0,752.0
2026-09-30 18:15:00,162,15,177,2026-09-30,18,647.0,71.0,718.0
2026-09-30 18:30:00,129,15,144,2026-09-30,18,608.0,69.0,677.0
2026-09-30 18:45:00,120,13,133,2026-09-30,18,567.0,65.0,632.0
2026-09-30 19:00:00,159,13,172,2026-09-30,19,570.0,56.0,626.0
2026-09-30 19:15:00,164,12,176,2026-09-30,19,572.0,53.0,625.0
2026-09-30 19:30:00,161,12,173,2026-09-30,19,604.0,50.0,654.0
2026-09-30 19:45:00,132,16,148,2026-09-30,19,616.0,53.0,669.0
2026-09-30 20:00:00,94,9,103,2026-09-30,20,551.0,49.0,600.0
2026-09-30 20:15:00,72,13,85,2026-09-30,20,459.0,50.0,509.0
2026-09-30 20:30:00,34,18,52,2026-09-30,20,332.0,56.0,388.0
2026-09-30 20:45:00,19,17,36,2026-09-30,20,219.0,57.0,276.0
2026-09-30 21:00:00,5,16,21,2026-09-30,21,130.0,64.0,194.0
2026-09-30 21:15:00,1,13,14,2026-09-30,21,59.0,64.0,123.0
2026-09-30 21:30:00,1,11,12,2026-09-30,21,26.0,57.0,83.0
2026-09-30 21:45:00,0,9,9,2026-09-30,21,7.0,49.0,56.0
2026-09-30 22:00:00,0,3,3,2026-09-30,22,2.0,36.0,38.0
2026-09-30 22:15:00,0,7,7,2026-09-30,22,1.0,30.0,31.0
2026-09-30 22:30:00,0,7,7,2026-09-30,22,0.0,26.0,26.0
2026-09-30 22:45:00,0,5,5,2026-09-30,22,0.0,22.0,22.0
2026-09-30 23:00:00,0,5,5,2026-09-30,23,0.0,24.0,24.0
2026-09-30 23:15:00,0,2,2,2026-09-30,23,0.0,19.0,19.0
2026-09-30 23:30:00,0,1,1,2026-09-30,23,0.0,13.0,13.0
2026-09-30 23:45:00,0,3,3,2026-09-30,23,0.0,11.0,11.0
2026-10-01 03:00:00,43,37,80,2026-10-01,3,43.0,37.0,80.0
2026-10-01 03:15:00,77,55,132,2026-10-01,3,120.0,92.0,212.0
2026-10-01 03:30:00,224,39,263,2026-10-01,3,344.0,131.0,475.0
2026-10-01 03:45:00,455,62,517,2026-10-01,3,799.0,193.0,992.0
2026-10-01 04:00:00,577,32,609,2026-10-01,4,1333.0,188.0,1521.0
2026-10-01 04:15:00,604,42,646,2026-10-01,4,1860.0,175.0,2035.0
2026-10-01 04:30:00,580,57,637,2026-10-01,4,2216.0,193.0,2409.0
2026-10-01 04:45:00,565,66,631,2026-10-01,4,2326.0,197.0,2523.0
2026-10-01 05:00:00,546,46,592,2026-10-01,5,2295.0,211.0,2506.0
2026-10-01 05:15:00,521,45,566,2026-10-01,5,2212.0,214.0,2426.0
2026-10-01 05:30:00,526,46,572,2026-10-01,5,2158.0,203.0,2361.0
2026-10-01 05:45:00,473,54,527,2026-10-01,5,2066.0,191.0,2257.0
2026-10-01 06:00:00,453,37,490,2026-10-01,6,1973.0,182.0,2155.0
2026-10-01 06:15:00,437,43,480,2026-10-01,6,1889.0,180.0,2069.0
2026-10-01 06:30:00,408,36,444,2026-10-01,6,1771.0,170.0,1941.0
2026-10-01 06:45:00,389,38,427,2026-10-01,6,1687.0,154.0,1841.0
2026-10-01 07:00:00,404,35,439,2026-10-01,7,1638.0,152.0,1790.0
2026-10-01 07:15:00,441,53,494,2026-10-01,7,1642.0,162.0,1804.0
2026-10-01 07:30:00,440,38,478,2026-10-01,7,1674.0,164.0,1838.0
2026-10-01 07:45:00,492,37,529,2026-10-01,7,1777.0,163.0,1940.0
2026-10-01 08:00:00,386,33,419,2026-10-01,8,1759.0,161.0,1920.0
2026-10-01 08:15:00,443,33,476,2026-10-01,8,1761.0,141.0,1902.0
2026-10-01 08:30:00,496,25,521,2026-10-01,8,1817.0,128.0,1945.0
2026-10-01 08:45:00,529,36,565,2026-10-01,8,1854.0,127.0,1981.0
2026-10-01 09:00:00,601,37,638,2026-10-01,9,2069.0,131.0,2200.0
2026-10-01 09:15:00,561,43,604,2026-10-01,9,2187.0,141.0,2328.0
2026-10-01 09:30:00,527,61,588,2026-10-01,9,2218.0,177.0,2395.0
2026-10-01 09:45:00,538,58,596,2026-10-01,9,2227.0,199.0,2426.0
2026-10-01 10:00:00,501,73,574,2026-10-01,10,2127.0,235.0,2362.0
2026-10-01 10:15:00,470,52,522,2026-10-01,10,2036.0,244.0,2280.0
2026-10-01 10:30:00,483,55,538,2026-10-01,10,1992.0,238.0,2230.0
2026-10-01 10:45:00,411,49,460,2026-10-01,10,1865.0,229.0,2094.0
2026-10-01 11:00:00,498,58,556,2026-10-01,11,1862.0,214.0,2076.0
2026-10-01 11:15:00,534,44,578,2026-10-01,11,1926.0,206.0,2132.0
2026-10-01 11:30:00,493,61,554,2026-10-01,11,1936.0,212.0,2148.0
2026-10-01 11:45:00,529,67,596,2026-10-01,11,2054.0,230.0,2284.0
2026-10-01 12:00:00,495,65,560,2026-10-01,12,2051.0,237.0,2288.0
2026-10-01 12:15:00,546,51,597,2026-10-01,12,2063.0,244.0,2307.0
2026-10-01 12:30:00,501,48,549,2026-10-01,12,2071.0,231.0,2302.0
2026-10-01 12:45:00,495,50,545,2026-10-01,12,2037.0,214.0,2251.0
2026-10-01 13:00:00,461,43,504,2026-10-01,13,2003.0,192.0,2195.0
2026-10-01 13:15:00,463,49,512,2026-10-01,13,1920.0,190.0,2110.0
2026-10-01 13:30:00,420,56,476,2026-10-01,13,1839.0,198.0,2037.0
2026-10-01 13:45:00,391,40,431,2026-10-01,13,1735.0,188.0,1923.0
2026-10-01 14:00:00,352,23,375,2026-10-01,14,1626.0,168.0,1794.0
2026-10-01 14:15:00,307,22,329,2026-10-01,14,1470.0,141.0,1611.0
2026-10-01 14:30:00,353,28,381,2026-10-01,14,1403.0,113.0,1516.0
2026-10-01 14:45:00,372,23,395,2026-10-01,14,1384.0,96.0,1480.0
2026-10-01 15:00:00,399,28,427,2026-10-01,15,1431.0,101.0,1532.0
2026-10-01 15:15:00,389,26,415,2026-10-01,15,1513.0,105.0,1618.0
2026-10-01 15:30:00,349,28,377,2026-10-01,15,1509.0,105.0,1614.0
2026-10-01 15:45:00,313,28,341,2026-10-01,15,1450.0,110.0,1560.0
2026-10-01 16:00:00,281,22,303,2026-10-01,16,1332.0,104.0,1436.0
2026-10-01 16:15:00,297,22,319,2026-10-01,16,1240.0,100.0,1340.0
2026-10-01 16:30:00,334,17,351,2026-10-01,16,1225.0,89.0,1314.0
2026-10-01 16:45:00,357,15,372,2026-10-01,16,1269.0,76.0,1345.0
2026-10-01 17:00:00,347,18,365,2026-10-01,17,1335.0,72.0,1407.0
2026-10-01 17:15:00,364,15,379,2026-10-01,17,1402.0,65.0,1467.0
2026-10-01 17:30:00,366,17,383,2026-10-01,17,1434.0,65.0,1499.0
2026-10-01 17:45:00,348,17,365,2026-10-01,17,1425.0,67.0,1492.0
2026-10-01 18:00:00,330,19,349,2026-10-01,18,1408.0,68.0,1476.0
2026-10-01 18:15:00,335,20,355,2026-10-01,18,1379.0,73.0,1452.0
2026-10-01 18:30:00,248,13,261,2026-10-01,18,1261.0,69.0,1330.0
2026-10-01 18:45:00,207,11,218,2026-10-01,18,1120.0,63.0,1183.0
2026-10-01 19:00:00,196,10,206,2026-10-01,19,986.0,54.0,1040.0
2026-10-01 19:15:00,202,10,212,2026-10-01,19,853.0,44.0,897.0
2026-10-01 19:30:00,209,11,220,2026-10-01,19,814.0,42.0,856.0
2026-10-01 19:45:00,195,12,207,2026-10-01,19,802.0,43.0,845.0
2026-10-01 20:00:00,161,14,175,2026-10-01,20,767.0,47.0,814.0
2026-10-01 20:15:00,113,15,128,2026-10-01,20,678.0,52.0,730.0
2026-10-01 20:30:00,86,13,99,2026-10-01,20,555.0,54.0,609.0
2026-10-01 20:45:00,35,10,45,2026-10-01,20,395.0,52.0,447.0
2026-10-01 21:00:00,20,15,35,2026-10-01,21,254.0,53.0,307.0
2026-10-01 21:15:00,9,15,24,2026-10-01,21,150.0,53.0,203.0
2026-10-01 21:30:00,5,12,17,2026-10-01,21,69.0,52.0,121.0
2026-10-01 21:45:00,2,7,9,2026-10-01,21,36.0,49.0,85.0
2026-10-01 22:00:00,0,6,6,2026-10-01,22,16.0,40.0,56.0
2026-10-01 22:15:00,0,7,7,2026-10-01,22,7.0,32.0,39.0
2026-10-01 22:30:00,0,5,5,2026-10-01,22,2.0,25.0,27.0
2026-10-01 22:45:00,0,5,5,2026-10-01,22,0.0,23.0,23.0
2026-10-01 23:00:00,0,5,5,2026-10-01,23,0.0,22.0,22.0
2026-10-01 23:15:00,0,6,6,2026-10-01,23,0.0,21.0,21.0
2026-10-01 23:30:00,0,4,4,2026-10-01,23,0.0,20.0,20.0
2026-10-01 23:45:00,0,2,2,2026-10-01,23,0.0,17.0,17.0
2026-10-02 03:00:00,51,50,101,2026-10-02,3,51.0,50.0,101.0
2026-10-02 03:15:00,80,70,150,2026-10-02,3,131.0,120.0,251.0
2026-10-02 03:30:00,228,41,269,2026-10-02,3,359.0,161.0,520.0
2026-10-02 03:45:00,515,76,591,2026-10-02,3,874.0,237.0,1111.0
2026-10-02 04:00:00,654,27,681,2026-10-02,4,1477.0,214.0,1691.0
2026-10-02 04:15:00,767,38,805,2026-10-02,4,2164.0,182.0,2346.0
2026-10-02 04:30:00,758,60,818,2026-10-02,4,2694.0,201.0,2895.0
2026-10-02 04:45:00,680,81,761,2026-10-02,4,2859.0,206.0,3065.0
2026-10-02 05:00:00,563,61,624,2026-10-02,5,2768.0,240.0,3008.0
2026-10-02 05:15:00,485,50,535,2026-10-02,5,2486.0,252.0,2738.0
2026-10-02 05:30:00,408,68,476,2026-10-02,5,2136.0,260.0,2396.0
2026-10-02 05:45:00,376,64,440,2026-10-02,5,1832.0,243.0,2075.0
2026-10-02 06:00:00,333,35,368,2026-10-02,6,1602.0,217.0,1819.0
2026-10-02 06:15:00,441,45,486,2026-10-02,6,1558.0,212.0,1770.0
2026-10-02 06:30:00,572,46,618,2026-10-02,6,1722.0,190.0,1912.0
2026-10-02 06:45:00,523,44,567,2026-10-02,6,1869.0,170.0,2039.0
2026-10-02 07:00:00,497,43,540,2026-10-02,7,2033.0,178.0,2211.0
2026-10-02 07:15:00,534,46,580,2026-10-02,7,2126.0,179.0,2305.0
2026-10-02 07:30:00,497,45,542,2026-10-02,7,2051.0,178.0,2229.0
2026-10-02 07:45:00,515,45,560,2026-10-02,7,2043.0,179.0,2222.0
2026-10-02 08:00:00,479,40,519,2026-10-02,8,2025.0,176.0,2201.0
2026-10-02 08:15:00,490,33,523,2026-10-02,8,1981.0,163.0,2144.0
2026-10-02 08:30:00,489,36,525,2026-10-02,8,1973.0,154.0,2127.0
2026-10-02 08:45:00,459,26,485,2026-10-02,8,1917.0,135.0,2052.0
2026-10-02 09:00:00,411,34,445,2026-10-02,9,1849.0,129.0,1978.0
2026-10-02 09:15:00,421,38,459,2026-10-02,9,1780.0,134.0,1914.0
2026-10-02 09:30:00,380,61,441,2026-10-02,9,1671.0,159.0,1830.0
2026-10-02 09:45:00,381,47,428,2026-10-02,9,1593.0,180.0,1773.0
2026-10-02 10:00:00,406,61,467,2026-10-02,10,1588.0,207.0,1795.0
2026-10-02 10:15:00,411,58,469,2026-10-02,10,1578.0,227.0,1805.0
2026-10-02 10:30:00,452,50,502,2026-10-02,10,1650.0,216.0,1866.0
2026-10-02 10:45:00,450,51,501,2026-10-02,10,1719.0,220.0,1939.0
2026-10-02 11:00:00,546,45,591,2026-10-02,11,1859.0,204.0,2063.0
2026-10-02 11:15:00,629,55,684,2026-10-02,11,2077.0,201.0,2278.0
2026-10-02 11:30:00,709,72,781,2026-10-02,11,2334.0,223.0,2557.0
2026-10-02 11:45:00,758,71,829,2026-10-02,11,2642.0,243.0,2885.0
2026-10-02 12:00:00,696,59,755,2026-10-02,12,2792.0,257.0,3049.0
2026-10-02 12:15:00,704,58,762,2026-10-02,12,2867.0,260.0,3127.0
2026-10-02 12:30:00,653,58,711,2026-10-02,12,2811.0,246.0,3057.0
2026-10-02 12:45:00,628,64,692,2026-10-02,12,2681.0,239.0,2920.0
2026-10-02 13:00:00,598,48,646,2026-10-02,13,2583.0,228.0,2811.0
2026-10-02 13:15:00,473,52,525,2026-10-02,13,2352.0,222.0,2574.0
2026-10-02 13:30:00,433,57,490,2026-10-02,13,2132.0,221.0,2353.0
2026-10-02 13:45:00,406,46,452,2026-10-02,13,1910.0,203.0,2113.0
2026-10-02 14:00:00,341,31,372,2026-10-02,14,1653.0,186.0,1839.0
2026-10-02 14:15:00,253,34,287,2026-10-02,14,1433.0,168.0,1601.0
2026-10-02 14:30:00,289,29,318,2026-10-02,14,1289.0,140.0,1429.0
2026-10-02 14:45:00,356,26,382,2026-10-02,14,1239.0,120.0,1359.0
2026-10-02 15:00:00,398,22,420,2026-10-02,15,1296.0,111.0,1407.0
2026-10-02 15:15:00,429,22,451,2026-10-02,15,1472.0,99.0,1571.0
2026-10-02 15:30:00,437,28,465,2026-10-02,15,1620.0,98.0,1718.0
2026-10-02 15:45:00,491,25,516,2026-10-02,15,1755.0,97.0,1852.0
2026-10-02 16:00:00,488,25,513,2026-10-02,16,1845.0,100.0,1945.0
2026-10-02 16:15:00,433,29,462,2026-10-02,16,1849.0,107.0,1956.0
2026-10-02 16:30:00,409,17,426,2026-10-02,16,1821.0,96.0,1917.0
2026-10-02 16:45:00,402,24,426,2026-10-02,16,1732.0,95.0,1827.0
2026-10-02 17:00:00,389,14,403,2026-10-02,17,1633.0,84.0,1717.0
2026-10-02 17:15:00,379,18,397,2026-10-02,17,1579.0,73.0,1652.0
2026-10-02 17:30:00,358,22,380,2026-10-02,17,1528.0,78.0,1606.0
2026-10-02 17:45:00,335,19,354,2026-10-02,17,1461.0,73.0,1534.0
2026-10-02 18:00:00,283,25,308,2026-10-02,18,1355.0,84.0,1439.0
2026-10-02 18:15:00,249,22,271,2026-10-02,18,1225.0,88.0,1313.0
2026-10-02 18:30:00,175,16,191,2026-10-02,18,1042.0,82.0,1124.0
2026-10-02 18:45:00,173,15,188,2026-10-02,18,880.0,78.0,958.0
2026-10-02 19:00:00,160,13,173,2026-10-02,19,757.0,66.0,823.0
2026-10-02 19:15:00,180,13,193,2026-10-02,19,688.0,57.0,745.0
2026-10-02 19:30:00,181,15,196,2026-10-02,19,694.0,56.0,750.0
2026-10-02 19:45:00,137,12,149,2026-10-02,19,658.0,53.0,711.0
2026-10-02 20:00:00,116,8,124,2026-10-02,20,614.0,48.0,662.0
2026-10-02 20:15:00,87,20,107,2026-10-02,20,521.0,55.0,576.0
2026-10-02 20:30:00,60,18,78,2026-10-02,20,400.0,58.0,458.0
2026-10-02 20:45:00,38,18,56,2026-10-02,20,301.0,64.0,365.0
2026-10-02 21:00:00,18,17,35,2026-10-02,21,203.0,73.0,276.0
2026-10-02 21:15:00,13,14,27,2026-10-02,21,129.0,67.0,196.0
2026-10-02 21:30:00,30,9,39,2026-10-02,21,99.0,58.0,157.0
2026-10-02 21:45:00,21,9,30,2026-10-02,21,82.0,49.0,131.0
2026-10-02 22:00:00,20,5,25,2026-10-02,22,84.0,37.0,121.0
2026-10-02 22:15:00,15,4,19,2026-10-02,22,86.0,27.0,113.0
2026-10-02 22:30:00,14,5,19,2026-10-02,22,70.0,23.0,93.0
2026-10-02 22:45:00,4,2,6,2026-10-02,22,53.0,16.0,69.0
2026-10-02 23:00:00,3,6,9,2026-10-02,23,36.0,17.0,53.0
2026-10-02 23:15:00,2,6,8,2026-10-02,23,23.0,19.0,42.0
2026-10-02 23:30:00,3,3,6,2026-10-02,23,12.0,17.0,29.0
2026-10-02 23:45:00,1,3,4,2026-10-02,23,9.0,18.0,27.0
2026-10-03 03:00:00,82,41,123,2026-10-03,3,82.0,41.0,123.0
2026-10-03 03:15:00,159,55,214,2026-10-03,3,241.0,96.0,337.0
2026-10-03 03:30:00,270,42,312,2026-10-03,3,511.0,138.0,649.0
2026-10-03 03:45:00,519,61,580,2026-10-03,3,1030.0,199.0,1229.0
2026-10-03 04:00:00,649,27,676,2026-10-03,4,1597.0,185.0,1782.0
2026-10-03 04:15:00,717,33,750,2026-10-03,4,2155.0,163.0,2318.0
2026-10-03 04:30:00,783,52,835,2026-10-03,4,2668.0,173.0,2841.0
2026-10-03 04:45:00,660,78,738,2026-10-03,4,2809.0,190.0,2999.0
2026-10-03 05:00:00,578,50,628,2026-10-03,5,2738.0,213.0,2951.0
2026-10-03 05:15:00,502,40,542,2026-10-03,5,2523.0,220.0,2743.0
2026-10-03 05:30:00,401,43,444,2026-10-03,5,2141.0,211.0,2352.0
2026-10-03 05:45:00,394,47,441,2026-10-03,5,1875.0,180.0,2055.0
2026-10-03 06:00:00,356,27,383,2026-10-03,6,1653.0,157.0,1810.0
2026-10-03 06:15:00,459,32,491,2026-10-03,6,1610.0,149.0,1759.0
2026-10-03 06:30:00,514,43,557,2026-10-03,6,1723.0,149.0,1872.0
2026-10-03 06:45:00,532,42,574,2026-10-03,6,1861.0,144.0,2005.0
2026-10-03 07:00:00,562,29,591,2026-10-03,7,2067.0,146.0,2213.0
2026-10-03 07:15:00,538,42,580,2026-10-03,7,2146.0,156.0,2302.0
2026-10-03 07:30:00,478,21,499,2026-10-03,7,2110.0,134.0,2244.0
2026-10-03 07:45:00,403,30,433,2026-10-03,7,1981.0,122.0,2103.0
2026-10-03 08:00:00,328,26,354,2026-10-03,8,1747.0,119.0,1866.0
2026-10-03 08:15:00,409,27,436,2026-10-03,8,1618.0,104.0,1722.0
2026-10-03 08:30:00,432,19,451,2026-10-03,8,1572.0,102.0,1674.0
2026-10-03 08:45:00,499,24,523,2026-10-03,8,1668.0,96.0,1764.0
2026-10-03 09:00:00,548,27,575,2026-10-03,9,1888.0,97.0,1985.0
2026-10-03 09:15:00,575,39,614,2026-10-03,9,2054.0,109.0,2163.0
2026-10-03 09:30:00,602,60,662,2026-10-03,9,2224.0,150.0,2374.0
2026-10-03 09:45:00,535,44,579,2026-10-03,9,2260.0,170.0,2430.0
2026-10-03 10:00:00,503,46,549,2026-10-03,10,2215.0,189.0,2404.0
2026-10-03 10:15:00,488,54,542,2026-10-03,10,2128.0,204.0,2332.0
2026-10-03 10:30:00,454,50,504,2026-10-03,10,1980.0,194.0,2174.0
2026-10-03 10:45:00,463,49,512,2026-10-03,10,1908.0,199.0,2107.0
2026-10-03 11:00:00,429,49,478,2026-10-03,11,1834.0,202.0,2036.0
2026-10-03 11:15:00,470,37,507,2026-10-03,11,1816.0,185.0,2001.0
2026-10-03 11:30:00,455,51,506,2026-10-03,11,1817.0,186.0,2003.0
2026-10-03 11:45:00,414,66,480,2026-10-03,11,1768.0,203.0,1971.0
2026-10-03 12:00:00,478,59,537,2026-10-03,12,1817.0,213.0,2030.0
2026-10-03 12:15:00,509,54,563,2026-10-03,12,1856.0,230.0,2086.0
2026-10-03 12:30:00,512,49,561,2026-10-03,12,1913.0,228.0,2141.0
2026-10-03 12:45:00,501,53,554,2026-10-03,12,2000.0,215.0,2215.0
2026-10-03 13:00:00,402,31,433,2026-10-03,13,1924.0,187.0,2111.0
2026-10-03 13:15:00,397,28,425,2026-10-03,13,1812.0,161.0,1973.0
2026-10-03 13:30:00,364,45,409,2026-10-03,13,1664.0,157.0,1821.0
2026-10-03 13:45:00,298,38,336,2026-10-03,13,1461.0,142.0,1603.0
2026-10-03 14:00:00,320,21,341,2026-10-03,14,1379.0,132.0,1511.0
2026-10-03 14:15:00,328,22,350,2026-10-03,14,1310.0,126.0,1436.0
2026-10-03 14:30:00,266,23,289,2026-10-03,14,1212.0,104.0,1316.0
2026-10-03 14:45:00,269,18,287,2026-10-03,14,1183.0,84.0,1267.0
2026-10-03 15:00:00,333,22,355,2026-10-03,15,1196.0,85.0,1281.0
2026-10-03 15:15:00,379,27,406,2026-10-03,15,1247.0,90.0,1337.0
2026-10-03 15:30:00,391,26,417,2026-10-03,15,1372.0,93.0,1465.0
2026-10-03 15:45:00,397,26,423,2026-10-03,15,1500.0,101.0,1601.0
2026-10-03 16:00:00,300,23,323,2026-10-03,16,1467.0,102.0,1569.0
2026-10-03 16:15:00,313,24,337,2026-10-03,16,1401.0,99.0,1500.0
2026-10-03 16:30:00,258,19,277,2026-10-03,16,1268.0,92.0,1360.0
2026-10-03 16:45:00,274,13,287,2026-10-03,16,1145.0,79.0,1224.0
2026-10-03 17:00:00,246,12,258,2026-10-03,17,1091.0,68.0,1159.0
2026-10-03 17:15:00,229,14,243,2026-10-03,17,1007.0,58.0,1065.0
2026-10-03 17:30:00,218,18,236,2026-10-03,17,967.0,57.0,1024.0
2026-10-03 17:45:00,204,19,223,2026-10-03,17,897.0,63.0,960.0
2026-10-03 18:00:00,207,23,230,2026-10-03,18,858.0,74.0,932.0
2026-10-03 18:15:00,175,15,190,2026-10-03,18,804.0,75.0,879.0
2026-10-03 18:30:00,133,14,147,2026-10-03,18,719.0,71.0,790.0
2026-10-03 18:45:00,118,13,131,2026-10-03,18,633.0,65.0,698.0
2026-10-03 19:00:00,94,14,108,2026-10-03,19,520.0,56.0,576.0
2026-10-03 19:15:00,94,12,106,2026-10-03,19,439.0,53.0,492.0
2026-10-03 19:30:00,91,12,103,2026-10-03,19,397.0,51.0,448.0
2026-10-03 19:45:00,112,11,123,2026-10-03,19,391.0,49.0,440.0
2026-10-03 20:00:00,87,13,100,2026-10-03,20,384.0,48.0,432.0
2026-10-03 20:15:00,69,16,85,2026-10-03,20,359.0,52.0,411.0
2026-10-03 20:30:00,29,13,42,2026-10-03,20,297.0,53.0,350.0
2026-10-03 20:45:00,30,13,43,2026-10-03,20,215.0,55.0,270.0
2026-10-03 21:00:00,6,18,24,2026-10-03,21,134.0,60.0,194.0
2026-10-03 21:15:00,6,13,19,2026-10-03,21,71.0,57.0,128.0
2026-10-03 21:30:00,4,6,10,2026-10-03,21,46.0,50.0,96.0
2026-10-03 21:45:00,0,7,7,2026-10-03,21,16.0,44.0,60.0
2026-10-03 22:00:00,0,4,4,2026-10-03,22,10.0,30.0,40.0
2026-10-03 22:15:00,0,5,5,2026-10-03,22,4.0,22.0,26.0
2026-10-03 22:30:00,0,9,9,2026-10-03,22,0.0,25.0,25.0
2026-10-03 22:45:00,0,6,6,2026-10-03,22,0.0,24.0,24.0
2026-10-03 23:00:00,0,3,3,2026-10-03,23,0.0,23.0,23.0
2026-10-03 23:15:00,0,3,3,2026-10-03,23,0.0,21.0,21.0
2026-10-03 23:30:00,0,4,4,2026-10-03,23,0.0,16.0,16.0
2026-10-03 23:45:00,0,1,1,2026-10-03,23,0.0,11.0,11.0
2026-10-04 03:00:00,93,36,129,2026-10-04,3,93.0,36.0,129.0
2026-10-04 03:15:00,183,59,242,2026-10-04,3,276.0,95.0,371.0
2026-10-04 03:30:00,286,32,318,2026-10-04,3,562.0,127.0,689.0
2026-10-04 03:45:00,469,61,530,2026-10-04,3,1031.0,188.0,1219.0
2026-10-04 04:00:00,519,36,555,2026-10-04,4,1457.0,188.0,1645.0
2026-10-04 04:15:00,640,31,671,2026-10-04,4,1914.0,160.0,2074.0
2026-10-04 04:30:00,645,60,705,2026-10-04,4,2273.0,188.0,2461.0
2026-10-04 04:45:00,627,72,699,2026-10-04,4,2431.0,199.0,2630.0
2026-10-04 05:00:00,574,35,609,2026-10-04,5,2486.0,198.0,2684.0
2026-10-04 05:15:00,567,37,604,2026-10-04,5,2413.0,204.0,2617.0
2026-10-04 05:30:00,455,42,497,2026-10-04,5,2223.0,186.0,2409.0
2026-10-04 05:45:00,406,52,458,2026-10-04,5,2002.0,166.0,2168.0
2026-10-04 06:00:00,385,43,428,2026-10-04,6,1813.0,174.0,1987.0
2026-10-04 06:15:00,455,40,495,2026-10-04,6,1701.0,177.0,1878.0
2026-10-04 06:30:00,450,36,486,2026-10-04,6,1696.0,171.0,1867.0
2026-10-04 06:45:00,393,40,433,2026-10-04,6,1683.0,159.0,1842.0
2026-10-04 07:00:00,373,33,406,2026-10-04,7,1671.0,149.0,1820.0
2026-10-04 07:15:00,412,44,456,2026-10-04,7,1628.0,153.0,1781.0
2026-10-04 07:30:00,453,26,479,2026-10-04,7,1631.0,143.0,1774.0
2026-10-04 07:45:00,447,24,471,2026-10-04,7,1685.0,127.0,1812.0
2026-10-04 08:00:00,493,20,513,2026-10-04,8,1805.0,114.0,1919.0
2026-10-04 08:15:00,561,17,578,2026-10-04,8,1954.0,87.0,2041.0
2026-10-04 08:30:00,546,26,572,2026-10-04,8,2047.0,87.0,2134.0
2026-10-04 08:45:00,533,26,559,2026-10-04,8,2133.0,89.0,2222.0
2026-10-04 09:00:00,555,25,580,2026-10-04,9,2195.0,94.0,2289.0
2026-10-04 09:15:00,634,35,669,2026-10-04,9,2268.0,112.0,2380.0
2026-10-04 09:30:00,598,62,660,2026-10-04,9,2320.0,148.0,2468.0
2026-10-04 09:45:00,542,45,587,2026-10-04,9,2329.0,167.0,2496.0
2026-10-04 10:00:00,523,52,575,2026-10-04,10,2297.0,194.0,2491.0
2026-10-04 10:15:00,441,57,498,2026-10-04,10,2104.0,216.0,2320.0
2026-10-04 10:30:00,441,41,482,2026-10-04,10,1947.0,195.0,2142.0
2026-10-04 10:45:00,452,40,492,2026-10-04,10,1857.0,190.0,2047.0
2026-10-04 11:00:00,535,32,567,2026-10-04,11,1869.0,170.0,2039.0
2026-10-04 11:15:00,569,40,609,2026-10-04,11,1997.0,153.0,2150.0
2026-10-04 11:30:00,595,53,648,2026-10-04,11,2151.0,165.0,2316.0
2026-10-04 11:45:00,664,53,717,2026-10-04,11,2363.0,178.0,2541.0
2026-10-04 12:00:00,667,61,728,2026-10-04,12,2495.0,207.0,2702.0
2026-10-04 12:15:00,619,54,673,2026-10-04,12,2545.0,221.0,2766.0
2026-10-04 12:30:00,618,63,681,2026-10-04,12,2568.0,231.0,2799.0
2026-10-04 12:45:00,575,54,629,2026-10-04,12,2479.0,232.0,2711.0
2026-10-04 13:00:00,494,40,534,2026-10-04,13,2306.0,211.0,2517.0
2026-10-04 13:15:00,451,39,490,2026-10-04,13,2138.0,196.0,2334.0
2026-10-04 13:30:00,415,51,466,2026-10-04,13,1935.0,184.0,2119.0
2026-10-04 13:45:00,389,31,420,2026-10-04,13,1749.0,161.0,1910.0
2026-10-04 14:00:00,348,23,371,2026-10-04,14,1603.0,144.0,1747.0
2026-10-04 14:15:00,369,22,391,2026-10-04,14,1521.0,127.0,1648.0
2026-10-04 14:30:00,345,19,364,2026-10-04,14,1451.0,95.0,1546.0
2026-10-04 14:45:00,402,26,428,2026-10-04,14,1464.0,90.0,1554.0
2026-10-04 15:00:00,490,20,510,2026-10-04,15,1606.0,87.0,1693.0
2026-10-04 15:15:00,522,19,541,2026-10-04,15,1759.0,84.0,1843.0
2026-10-04 15:30:00,519,26,545,2026-10-04,15,1933.0,91.0,2024.0
2026-10-04 15:45:00,505,23,528,2026-10-04,15,2036.0,88.0,2124.0
2026-10-04 16:00:00,411,28,439,2026-10-04,16,1957.0,96.0,2053.0
2026-10-04 16:15:00,371,22,393,2026-10-04,16,1806.0,99.0,1905.0
2026-10-04 16:30:00,371,19,390,2026-10-04,16,1658.0,92.0,1750.0
2026-10-04 16:45:00,314,12,326,2026-10-04,16,1467.0,81.0,1548.0
2026-10-04 17:00:00,320,13,333,2026-10-04,17,1376.0,66.0,1442.0
2026-10-04 17:15:00,366,13,379,2026-10-04,17,1371.0,57.0,1428.0
2026-10-04 17:30:00,365,15,380,2026-10-04,17,1365.0,53.0,1418.0
2026-10-04 17:45:00,440,16,456,2026-10-04,17,1491.0,57.0,1548.0
2026-10-04 18:00:00,510,24,534,2026-10-04,18,1681.0,68.0,1749.0
2026-10-04 18:15:00,546,15,561,2026-10-04,18,1861.0,70.0,1931.0
2026-10-04 18:30:00,472,12,484,2026-10-04,18,1968.0,67.0,2035.0
2026-10-04 18:45:00,439,13,452,2026-10-04,18,1967.0,64.0,2031.0
2026-10-04 19:00:00,374,12,386,2026-10-04,19,1831.0,52.0,1883.0
2026-10-04 19:15:00,263,10,273,2026-10-04,19,1548.0,47.0,1595.0
2026-10-04 19:30:00,250,15,265,2026-10-04,19,1326.0,50.0,1376.0
2026-10-04 19:45:00,182,13,195,2026-10-04,19,1069.0,50.0,1119.0
2026-10-04 20:00:00,154,13,167,2026-10-04,20,849.0,51.0,900.0
2026-10-04 20:15:00,99,10,109,2026-10-04,20,685.0,51.0,736.0
2026-10-04 20:30:00,47,13,60,2026-10-04,20,482.0,49.0,531.0
2026-10-04 20:45:00,49,20,69,2026-10-04,20,349.0,56.0,405.0
2026-10-04 21:00:00,19,19,38,2026-10-04,21,214.0,62.0,276.0
2026-10-04 21:15:00,23,13,36,2026-10-04,21,138.0,65.0,203.0
2026-10-04 21:30:00,19,10,29,2026-10-04,21,110.0,62.0,172.0
2026-10-04 21:45:00,21,8,29,2026-10-04,21,82.0,50.0,132.0
2026-10-04 22:00:00,20,6,26,2026-10-04,22,83.0,37.0,120.0
2026-10-04 22:15:00,12,6,18,2026-10-04,22,72.0,30.0,102.0
2026-10-04 22:30:00,11,4,15,2026-10-04,22,64.0,24.0,88.0
2026-10-04 22:45:00,5,3,8,2026-10-04,22,48.0,19.0,67.0
2026-10-04 23:00:00,1,5,6,2026-10-04,23,29.0,18.0,47.0
2026-10-04 23:15:00,1,6,7,2026-10-04,23,18.0,18.0,36.0
2026-10-04 23:30:00,0,3,3,2026-10-04,23,7.0,17.0,24.0
2026-10-04 23:45:00,0,3,3,2026-10-04,23,2.0,17.0,19.0
2026-10-05 03:00:00,91,42,133,2026-10-05,3,91.0,42.0,133.0
2026-10-05 03:15:00,225,64,289,2026-10-05,3,316.0,106.0,422.0
2026-10-05 03:30:00,303,38,341,2026-10-05,3,619.0,144.0,763.0
2026-10-05 03:45:00,452,54,506,2026-10-05,3,1071.0,198.0,1269.0
2026-10-05 04:00:00,623,29,652,2026-10-05,4,1603.0,185.0,1788.0
2026-10-05 04:15:00,663,32,695,2026-10-05,4,2041.0,153.0,2194.0
2026-10-05 04:30:00,687,62,749,2026-10-05,4,2425.0,177.0,2602.0
2026-10-05 04:45:00,590,63,653,2026-10-05,4,2563.0,186.0,2749.0
2026-10-05 05:00:00,558,46,604,2026-10-05,5,2498.0,203.0,2701.0
2026-10-05 05:15:00,558,41,599,2026-10-05,5,2393.0,212.0,2605.0
2026-10-05 05:30:00,509,49,558,2026-10-05,5,2215.0,199.0,2414.0
2026-10-05 05:45:00,514,63,577,2026-10-05,5,2139.0,199.0,2338.0
2026-10-05 06:00:00,564,46,610,2026-10-05,6,2145.0,199.0,2344.0
2026-10-05 06:15:00,568,40,608,2026-10-05,6,2155.0,198.0,2353.0
2026-10-05 06:30:00,623,40,663,2026-10-05,6,2269.0,189.0,2458.0
2026-10-05 06:45:00,561,49,610,2026-10-05,6,2316.0,175.0,2491.0
2026-10-05 07:00:00,435,34,469,2026-10-05,7,2187.0,163.0,2350.0
2026-10-05 07:15:00,468,43,511,2026-10-05,7,2087.0,166.0,2253.0
2026-10-05 07:30:00,497,32,529,2026-10-05,7,1961.0,158.0,2119.0
2026-10-05 07:45:00,514,38,552,2026-10-05,7,1914.0,147.0,2061.0
2026-10-05 08:00:00,461,34,495,2026-10-05,8,1940.0,147.0,2087.0
2026-10-05 08:15:00,485,26,511,2026-10-05,8,1957.0,130.0,2087.0
2026-10-05 08:30:00,520,23,543,2026-10-05,8,1980.0,121.0,2101.0
2026-10-05 08:45:00,491,30,521,2026-10-05,8,1957.0,113.0,2070.0
2026-10-05 09:00:00,499,26,525,2026-10-05,9,1995.0,105.0,2100.0
2026-10-05 09:15:00,474,33,507,2026-10-05,9,1984.0,112.0,2096.0
2026-10-05 09:30:00,485,51,536,2026-10-05,9,1949.0,140.0,2089.0
2026-10-05 09:45:00,431,54,485,2026-10-05,9,1889.0,164.0,2053.0
2026-10-05 10:00:00,441,49,490,2026-10-05,10,1831.0,187.0,2018.0
2026-10-05 10:15:00,458,58,516,2026-10-05,10,1815.0,212.0,2027.0
2026-10-05 10:30:00,473,41,514,2026-10-05,10,1803.0,202.0,2005.0
2026-10-05 10:45:00,560,40,600,2026-10-05,10,1932.0,188.0,2120.0
2026-10-05 11:00:00,603,46,649,2026-10-05,11,2094.0,185.0,2279.0
2026-10-05 11:15:00,633,46,679,2026-10-05,11,2269.0,173.0,2442.0
2026-10-05 11:30:00,721,57,778,2026-10-05,11,2517.0,189.0,2706.0
2026-10-05 11:45:00,693,65,758,2026-10-05,11,2650.0,214.0,2864.0
2026-10-05 12:00:00,676,55,731,2026-10-05,12,2723.0,223.0,2946.0
2026-10-05 12:15:00,675,53,728,2026-10-05,12,2765.0,230.0,2995.0
2026-10-05 12:30:00,606,61,667,2026-10-05,12,2650.0,234.0,2884.0
2026-10-05 12:45:00,572,63,635,2026-10-05,12,2529.0,232.0,2761.0
2026-10-05 13:00:00,498,41,539,2026-10-05,13,2351.0,218.0,2569.0
2026-10-05 13:15:00,474,51,525,2026-10-05,13,2150.0,216.0,2366.0
2026-10-05 13:30:00,511,49,560,2026-10-05,13,2055.0,204.0,2259.0
2026-10-05 13:45:00,454,39,493,2026-10-05,13,1937.0,180.0,2117.0
2026-10-05 14:00:00,380,30,410,2026-10-05,14,1819.0,169.0,1988.0
2026-10-05 14:15:00,348,41,389,2026-10-05,14,1693.0,159.0,1852.0
2026-10-05 14:30:00,415,29,444,2026-10-05,14,1597.0,139.0,1736.0
2026-10-05 14:45:00,441,29,470,2026-10-05,14,1584.0,129.0,1713.0
2026-10-05 15:00:00,457,17,474,2026-10-05,15,1661.0,116.0,1777.0
2026-10-05 15:15:00,548,23,571,2026-10-05,15,1861.0,98.0,1959.0
2026-10-05 15:30:00,503,29,532,2026-10-05,15,1949.0,98.0,2047.0
2026-10-05 15:45:00,445,25,470,2026-10-05,15,1953.0,94.0,2047.0
2026-10-05 16:00:00,348,25,373,2026-10-05,16,1844.0,102.0,1946.0
2026-10-05 16:15:00,334,18,352,2026-10-05,16,1630.0,97.0,1727.0
2026-10-05 16:30:00,349,20,369,2026-10-05,16,1476.0,88.0,1564.0
2026-10-05 16:45:00,358,17,375,2026-10-05,16,1389.0,80.0,1469.0
2026-10-05 17:00:00,397,14,411,2026-10-05,17,1438.0,69.0,1507.0
2026-10-05 17:15:00,421,16,437,2026-10-05,17,1525.0,67.0,1592.0
2026-10-05 17:30:00,422,16,438,2026-10-05,17,1598.0,63.0,1661.0
2026-10-05 17:45:00,483,21,504,2026-10-05,17,1723.0,67.0,1790.0
2026-10-05 18:00:00,389,24,413,2026-10-05,18,1715.0,77.0,1792.0
2026-10-05 18:15:00,308,17,325,2026-10-05,18,1602.0,78.0,1680.0
2026-10-05 18:30:00,272,17,289,2026-10-05,18,1452.0,79.0,1531.0
2026-10-05 18:45:00,233,14,247,2026-10-05,18,1202.0,72.0,1274.0
2026-10-05 19:00:00,181,11,192,2026-10-05,19,994.0,59.0,1053.0
2026-10-05 19:15:00,183,11,194,2026-10-05,19,869.0,53.0,922.0
2026-10-05 19:30:00,178,15,193,2026-10-05,19,775.0,51.0,826.0
2026-10-05 19:45:00,158,13,171,2026-10-05,19,700.0,50.0,750.0
2026-10-05 20:00:00,116,12,128,2026-10-05,20,635.0,51.0,686.0
2026-10-05 20:15:00,90,19,109,2026-10-05,20,542.0,59.0,601.0
2026-10-05 20:30:00,52,14,66,2026-10-05,20,416.0,58.0,474.0
2026-10-05 20:45:00,24,13,37,2026-10-05,20,282.0,58.0,340.0
2026-10-05 21:00:00,8,20,28,2026-10-05,21,174.0,66.0,240.0
2026-10-05 21:15:00,3,18,21,2026-10-05,21,87.0,65.0,152.0
2026-10-05 21:30:00,1,9,10,2026-10-05,21,36.0,60.0,96.0
2026-10-05 21:45:00,1,10,11,2026-10-05,21,13.0,57.0,70.0
2026-10-05 22:00:00,0,5,5,2026-10-05,22,5.0,42.0,47.0
2026-10-05 22:15:00,0,6,6,2026-10-05,22,2.0,30.0,32.0
2026-10-05 22:30:00,0,5,5,2026-10-05,22,1.0,26.0,27.0
2026-10-05 22:45:00,0,6,6,2026-10-05,22,0.0,22.0,22.0
2026-10-05 23:00:00,0,4,4,2026-10-05,23,0.0,21.0,21.0
2026-10-05 23:15:00,0,2,2,2026-10-05,23,0.0,17.0,17.0
2026-10-05 23:30:00,0,4,4,2026-10-05,23,0.0,16.0,16.0
2026-10-05 23:45:00,3,3,6,2026-10-05,23,3.0,13.0,16.0
2026-10-06 03:00:00,56,30,86,2026-10-06,3,56.0,30.0,86.0
2026-10-06 03:15:00,100,55,155,2026-10-06,3,156.0,85.0,241.0
2026-10-06 03:30:00,254,43,297,2026-10-06,3,410.0,128.0,538.0
2026-10-06 03:45:00,444,67,511,2026-10-06,3,854.0,195.0,1049.0
2026-10-06 04:00:00,526,34,560,2026-10-06,4,1324.0,199.0,1523.0
2026-10-06 04:15:00,611,39,650,2026-10-06,4,1835.0,183.0,2018.0
2026-10-06 04:30:00,689,62,751,2026-10-06,4,2270.0,202.0,2472.0
2026-10-06 04:45:00,639,69,708,2026-10-06,4,2465.0,204.0,2669.0
2026-10-06 05:00:00,554,51,605,2026-10-06,5,2493.0,221.0,2714.0
2026-10-06 05:15:00,566,32,598,2026-10-06,5,2448.0,214.0,2662.0
2026-10-06 05:30:00,429,35,464,2026-10-06,5,2188.0,187.0,2375.0
2026-10-06 05:45:00,409,61,470,2026-10-06,5,1958.0,179.0,2137.0
2026-10-06 06:00:00,441,47,488,2026-10-06,6,1845.0,175.0,2020.0
2026-10-06 06:15:00,358,35,393,2026-10-06,6,1637.0,178.0,1815.0
2026-10-06 06:30:00,303,36,339,2026-10-06,6,1511.0,179.0,1690.0
2026-10-06 06:45:00,320,38,358,2026-10-06,6,1422.0,156.0,1578.0
2026-10-06 07:00:00,366,24,390,2026-10-06,7,1347.0,133.0,1480.0
2026-10-06 07:15:00,423,36,459,2026-10-06,7,1412.0,134.0,1546.0
2026-10-06 07:30:00,388,32,420,2026-10-06,7,1497.0,130.0,1627.0
2026-10-06 07:45:00,405,39,444,2026-10-06,7,1582.0,131.0,1713.0
2026-10-06 08:00:00,378,35,413,2026-10-06,8,1594.0,142.0,1736.0
2026-10-06 08:15:00,386,31,417,2026-10-06,8,1557.0,137.0,1694.0
2026-10-06 08:30:00,410,28,438,2026-10-06,8,1579.0,133.0,1712.0
2026-10-06 08:45:00,450,31,481,2026-10-06,8,1624.0,125.0,1749.0
2026-10-06 09:00:00,427,29,456,2026-10-06,9,1673.0,119.0,1792.0
2026-10-06 09:15:00,432,31,463,2026-10-06,9,1719.0,119.0,1838.0
2026-10-06 09:30:00,400,54,454,2026-10-06,9,1709.0,145.0,1854.0
2026-10-06 09:45:00,428,50,478,2026-10-06,9,1687.0,164.0,1851.0
2026-10-06 10:00:00,427,63,490,2026-10-06,10,1687.0,198.0,1885.0
2026-10-06 10:15:00,427,44,471,2026-10-06,10,1682.0,211.0,1893.0
2026-10-06 10:30:00,401,46,447,2026-10-06,10,1683.0,203.0,1886.0
2026-10-06 10:45:00,405,41,446,2026-10-06,10,1660.0,194.0,1854.0
2026-10-06 11:00:00,449,49,498,2026-10-06,11,1682.0,180.0,1862.0
2026-10-06 11:15:00,490,50,540,2026-10-06,11,1745.0,186.0,1931.0
2026-10-06 11:30:00,508,49,557,2026-10-06,11,1852.0,189.0,2041.0
2026-10-06 11:45:00,486,52,538,2026-10-06,11,1933.0,200.0,2133.0
2026-10-06 12:00:00,544,61,605,2026-10-06,12,2028.0,212.0,2240.0
2026-10-06 12:15:00,569,57,626,2026-10-06,12,2107.0,219.0,2326.0
2026-10-06 12:30:00,523,56,579,2026-10-06,12,2122.0,226.0,2348.0
2026-10-06 12:45:00,474,48,522,2026-10-06,12,2110.0,222.0,2332.0
2026-10-06 13:00:00,452,37,489,2026-10-06,13,2018.0,198.0,2216.0
2026-10-06 13:15:00,454,51,505,2026-10-06,13,1903.0,192.0,2095.0
2026-10-06 13:30:00,383,62,445,2026-10-06,13,1763.0,198.0,1961.0
2026-10-06 13:45:00,334,38,372,2026-10-06,13,1623.0,188.0,1811.0
2026-10-06 14:00:00,351,24,375,2026-10-06,14,1522.0,175.0,1697.0
2026-10-06 14:15:00,386,36,422,2026-10-06,14,1454.0,160.0,1614.0
2026-10-06 14:30:00,351,34,385,2026-10-06,14,1422.0,132.0,1554.0
2026-10-06 14:45:00,355,27,382,2026-10-06,14,1443.0,121.0,1564.0
2026-10-06 15:00:00,400,26,426,2026-10-06,15,1492.0,123.0,1615.0
2026-10-06 15:15:00,416,25,441,2026-10-06,15,1522.0,112.0,1634.0
2026-10-06 15:30:00,409,27,436,2026-10-06,15,1580.0,105.0,1685.0
2026-10-06 15:45:00,381,25,406,2026-10-06,15,1606.0,103.0,1709.0
2026-10-06 16:00:00,328,21,349,2026-10-06,16,1534.0,98.0,1632.0
2026-10-06 16:15:00,293,24,317,2026-10-06,16,1411.0,97.0,1508.0
2026-10-06 16:30:00,220,18,238,2026-10-06,16,1222.0,88.0,1310.0
2026-10-06 16:45:00,228,23,251,2026-10-06,16,1069.0,86.0,1155.0
2026-10-06 17:00:00,225,16,241,2026-10-06,17,966.0,81.0,1047.0
2026-10-06 17:15:00,245,15,260,2026-10-06,17,918.0,72.0,990.0
2026-10-06 17:30:00,215,17,232,2026-10-06,17,913.0,71.0,984.0
2026-10-06 17:45:00,200,17,217,2026-10-06,17,885.0,65.0,950.0
2026-10-06 18:00:00,204,23,227,2026-10-06,18,864.0,72.0,936.0
2026-10-06 18:15:00,233,15,248,2026-10-06,18,852.0,72.0,924.0
2026-10-06 18:30:00,204,14,218,2026-10-06,18,841.0,69.0,910.0
2026-10-06 18:45:00,162,17,179,2026-10-06,18,803.0,69.0,872.0
2026-10-06 19:00:00,129,11,140,2026-10-06,19,728.0,57.0,785.0
2026-10-06 19:15:00,155,14,169,2026-10-06,19,650.0,56.0,706.0
2026-10-06 19:30:00,149,11,160,2026-10-06,19,595.0,53.0,648.0
2026-10-06 19:45:00,170,13,183,2026-10-06,19,603.0,49.0,652.0
2026-10-06 20:00:00,139,13,152,2026-10-06,20,613.0,51.0,664.0
2026-10-06 20:15:00,120,18,138,2026-10-06,20,578.0,55.0,633.0
2026-10-06 20:30:00,57,19,76,2026-10-06,20,486.0,63.0,549.0
2026-10-06 20:45:00,30,14,44,2026-10-06,20,346.0,64.0,410.0
2026-10-06 21:00:00,13,15,28,2026-10-06,21,220.0,66.0,286.0
2026-10-06 21:15:00,3,14,17,2026-10-06,21,103.0,62.0,165.0
2026-10-06 21:30:00,2,12,14,2026-10-06,21,48.0,55.0,103.0
2026-10-06 21:45:00,0,12,12,2026-10-06,21,18.0,53.0,71.0
2026-10-06 22:00:00,0,9,9,2026-10-06,22,5.0,47.0,52.0
2026-10-06 22:15:00,0,9,9,2026-10-06,22,2.0,42.0,44.0
2026-10-06 22:30:00,0,7,7,2026-10-06,22,0.0,37.0,37.0
2026-10-06 22:45:00,0,3,3,2026-10-06,22,0.0,28.0,28.0
2026-10-06 23:00:00,0,5,5,2026-10-06,23,0.0,24.0,24.0
2026-10-06 23:15:00,0,5,5,2026-10-06,23,0.0,20.0,20.0
2026-10-06 23:30:00,0,1,1,2026-10-06,23,0.0,14.0,14.0
2026-10-06 23:45:00,0,1,1,2026-10-06,23,0.0,12.0,12.0
2026-10-07 03:00:00,48,32,80,2026-10-07,3,48.0,32.0,80.0
2026-10-07 03:15:00,88,39,127,2026-10-07,3,136.0,71.0,207.0
2026-10-07 03:30:00,246,37,283,2026-10-07,3,382.0,108.0,490.0
2026-10-07 03:45:00,475,58,533,2026-10-07,3,857.0,166.0,1023.0
2026-10-07 04:00:00,608,30,638,2026-10-07,4,1417.0,164.0,1581.0
2026-10-07 04:15:00,649,32,681,2026-10-07,4,1978.0,157.0,2135.0
2026-10-07 04:30:00,659,47,706,2026-10-07,4,2391.0,167.0,2558.0
2026-10-07 04:45:00,628,67,695,2026-10-07,4,2544.0,176.0,2720.0
2026-10-07 05:00:00,545,55,600,2026-10-07,5,2481.0,201.0,2682.0
2026-10-07 05:15:00,489,48,537,2026-10-07,5,2321.0,217.0,2538.0
2026-10-07 05:30:00,459,47,506,2026-10-07,5,2121.0,217.0,2338.0
2026-10-07 05:45:00,415,49,464,2026-10-07,5,1908.0,199.0,2107.0
2026-10-07 06:00:00,432,39,471,2026-10-07,6,1795.0,183.0,1978.0
2026-10-07 06:15:00,409,46,455,2026-10-07,6,1715.0,181.0,1896.0
2026-10-07 06:30:00,419,32,451,2026-10-07,6,1675.0,166.0,1841.0
2026-10-07 06:45:00,464,33,497,2026-10-07,6,1724.0,150.0,1874.0
2026-10-07 07:00:00,494,25,519,2026-10-07,7,1786.0,136.0,1922.0
2026-10-07 07:15:00,521,36,557,2026-10-07,7,1898.0,126.0,2024.0
2026-10-07 07:30:00,530,33,563,2026-10-07,7,2009.0,127.0,2136.0
2026-10-07 07:45:00,449,31,480,2026-10-07,7,1994.0,125.0,2119.0
2026-10-07 08:00:00,436,26,462,2026-10-07,8,1936.0,126.0,2062.0
2026-10-07 08:15:00,487,25,512,2026-10-07,8,1902.0,115.0,2017.0
2026-10-07 08:30:00,514,29,543,2026-10-07,8,1886.0,111.0,1997.0
2026-10-07 08:45:00,515,34,549,2026-10-07,8,1952.0,114.0,2066.0
2026-10-07 09:00:00,514,24,538,2026-10-07,9,2030.0,112.0,2142.0
2026-10-07 09:15:00,534,36,570,2026-10-07,9,2077.0,123.0,2200.0
2026-10-07 09:30:00,488,49,537,2026-10-07,9,2051.0,143.0,2194.0
2026-10-07 09:45:00,489,57,546,2026-10-07,9,2025.0,166.0,2191.0
2026-10-07 10:00:00,455,48,503,2026-10-07,10,1966.0,190.0,2156.0
2026-10-07 10:15:00,424,47,471,2026-10-07,10,1856.0,201.0,2057.0
2026-10-07 10:30:00,461,45,506,2026-10-07,10,1829.0,197.0,2026.0
2026-10-07 10:45:00,467,47,514,2026-10-07,10,1807.0,187.0,1994.0
2026-10-07 11:00:00,492,44,536,2026-10-07,11,1844.0,183.0,2027.0
2026-10-07 11:15:00,555,46,601,2026-10-07,11,1975.0,182.0,2157.0
2026-10-07 11:30:00,596,49,645,2026-10-07,11,2110.0,186.0,2296.0
2026-10-07 11:45:00,635,57,692,2026-10-07,11,2278.0,196.0,2474.0
2026-10-07 12:00:00,567,40,607,2026-10-07,12,2353.0,192.0,2545.0
2026-10-07 12:15:00,521,49,570,2026-10-07,12,2319.0,195.0,2514.0
2026-10-07 12:30:00,486,66,552,2026-10-07,12,2209.0,212.0,2421.0
2026-10-07 12:45:00,578,61,639,2026-10-07,12,2152.0,216.0,2368.0
2026-10-07 13:00:00,526,47,573,2026-10-07,13,2111.0,223.0,2334.0
2026-10-07 13:15:00,569,36,605,2026-10-07,13,2159.0,210.0,2369.0
2026-10-07 13:30:00,532,44,576,2026-10-07,13,2205.0,188.0,2393.0
2026-10-07 13:45:00,447,26,473,2026-10-07,13,2074.0,153.0,2227.0
2026-10-07 14:00:00,429,31,460,2026-10-07,14,1977.0,137.0,2114.0
2026-10-07 14:15:00,386,31,417,2026-10-07,14,1794.0,132.0,1926.0
2026-10-07 14:30:00,368,38,406,2026-10-07,14,1630.0,126.0,1756.0
2026-10-07 14:45:00,359,27,386,2026-10-07,14,1542.0,127.0,1669.0
2026-10-07 15:00:00,426,29,455,2026-10-07,15,1539.0,125.0,1664.0
2026-10-07 15:15:00,406,23,429,2026-10-07,15,1559.0,117.0,1676.0
2026-10-07 15:30:00,398,18,416,2026-10-07,15,1589.0,97.0,1686.0
2026-10-07 15:45:00,382,19,401,2026-10-07,15,1612.0,89.0,1701.0
2026-10-07 16:00:00,370,25,395,2026-10-07,16,1556.0,85.0,1641.0
2026-10-07 16:15:00,243,34,277,2026-10-07,16,1393.0,96.0,1489.0
2026-10-07 16:30:00,226,17,243,2026-10-07,16,1221.0,95.0,1316.0
2026-10-07 16:45:00,283,17,300,2026-10-07,16,1122.0,93.0,1215.0
2026-10-07 17:00:00,243,12,255,2026-10-07,17,995.0,80.0,1075.0
2026-10-07 17:15:00,221,19,240,2026-10-07,17,973.0,65.0,1038.0
2026-10-07 17:30:00,200,16,216,2026-10-07,17,947.0,64.0,1011.0
2026-10-07 17:45:00,189,17,206,2026-10-07,17,853.0,64.0,917.0
2026-10-07 18:00:00,183,21,204,2026-10-07,18,793.0,73.0,866.0
2026-10-07 18:15:00,185,14,199,2026-10-07,18,757.0,68.0,825.0
2026-10-07 18:30:00,149,14,163,2026-10-07,18,706.0,66.0,772.0
2026-10-07 18:45:00,139,13,152,2026-10-07,18,656.0,62.0,718.0
2026-10-07 19:00:00,184,12,196,2026-10-07,19,657.0,53.0,710.0
2026-10-07 19:15:00,185,11,196,2026-10-07,19,657.0,50.0,707.0
2026-10-07 19:30:00,182,11,193,2026-10-07,19,690.0,47.0,737.0
2026-10-07 19:45:00,156,15,171,2026-10-07,19,707.0,49.0,756.0
2026-10-07 20:00:00,111,9,120,2026-10-07,20,634.0,46.0,680.0
2026-10-07 20:15:00,82,13,95,2026-10-07,20,531.0,48.0,579.0
2026-10-07 20:30:00,37,17,54,2026-10-07,20,386.0,54.0,440.0
2026-10-07 20:45:00,19,16,35,2026-10-07,20,249.0,55.0,304.0
2026-10-07 21:00:00,6,15,21,2026-10-07,21,144.0,61.0,205.0
2026-10-07 21:15:00,1,13,14,2026-10-07,21,63.0,61.0,124.0
2026-10-07 21:30:00,1,11,12,2026-10-07,21,27.0,55.0,82.0
2026-10-07 21:45:00,0,9,9,2026-10-07,21,8.0,48.0,56.0
2026-10-07 22:00:00,0,3,3,2026-10-07,22,2.0,36.0,38.0
2026-10-07 22:15:00,0,7,7,2026-10-07,22,1.0,30.0,31.0
2026-10-07 22:30:00,0,7,7,2026-10-07,22,0.0,26.0,26.0
2026-10-07 22:45:00,0,5,5,2026-10-07,22,0.0,22.0,22.0
2026-10-07 23:00:00,0,5,5,2026-10-07,23,0.0,24.0,24.0
2026-10-07 23:15:00,0,2,2,2026-10-07,23,0.0,19.0,19.0
2026-10-07 23:30:00,0,1,1,2026-10-07,23,0.0,13.0,13.0
2026-10-07 23:45:00,0,2,2,2026-10-07,23,0.0,10.0,10.0
2026-10-08 03:00:00,45,36,81,2026-10-08,3,45.0,36.0,81.0
2026-10-08 03:15:00,86,53,139,2026-10-08,3,131.0,89.0,220.0
2026-10-08 03:30:00,246,37,283,2026-10-08,3,377.0,126.0,503.0
2026-10-08 03:45:00,500,60,560,2026-10-08,3,877.0,186.0,1063.0
2026-10-08 04:00:00,662,30,692,2026-10-08,4,1494.0,180.0,1674.0
2026-10-08 04:15:00,684,41,725,2026-10-08,4,2092.0,168.0,2260.0
2026-10-08 04:30:00,673,55,728,2026-10-08,4,2519.0,186.0,2705.0
2026-10-08 04:45:00,617,63,680,2026-10-08,4,2636.0,189.0,2825.0
2026-10-08 05:00:00,601,44,645,2026-10-08,5,2575.0,203.0,2778.0
2026-10-08 05:15:00,564,44,608,2026-10-08,5,2455.0,206.0,2661.0
2026-10-08 05:30:00,555,44,599,2026-10-08,5,2337.0,195.0,2532.0
2026-10-08 05:45:00,502,52,554,2026-10-08,5,2222.0,184.0,2406.0
2026-10-08 06:00:00,490,35,525,2026-10-08,6,2111.0,175.0,2286.0
2026-10-08 06:15:00,467,41,508,2026-10-08,6,2014.0,172.0,2186.0
2026-10-08 06:30:00,437,34,471,2026-10-08,6,1896.0,162.0,2058.0
2026-10-08 06:45:00,421,36,457,2026-10-08,6,1815.0,146.0,1961.0
2026-10-08 07:00:00,418,33,451,2026-10-08,7,1743.0,144.0,1887.0
2026-10-08 07:15:00,469,51,520,2026-10-08,7,1745.0,154.0,1899.0
2026-10-08 07:30:00,460,37,497,2026-10-08,7,1768.0,157.0,1925.0
2026-10-08 07:45:00,483,36,519,2026-10-08,7,1830.0,157.0,1987.0
2026-10-08 08:00:00,384,32,416,2026-10-08,8,1796.0,156.0,1952.0
2026-10-08 08:15:00,444,32,476,2026-10-08,8,1771.0,137.0,1908.0
2026-10-08 08:30:00,487,24,511,2026-10-08,8,1798.0,124.0,1922.0
2026-10-08 08:45:00,517,35,552,2026-10-08,8,1832.0,123.0,1955.0
2026-10-08 09:00:00,603,35,638,2026-10-08,9,2051.0,126.0,2177.0
2026-10-08 09:15:00,572,41,613,2026-10-08,9,2179.0,135.0,2314.0
2026-10-08 09:30:00,548,59,607,2026-10-08,9,2240.0,170.0,2410.0
2026-10-08 09:45:00,559,56,615,2026-10-08,9,2282.0,191.0,2473.0
2026-10-08 10:00:00,522,70,592,2026-10-08,10,2201.0,226.0,2427.0
2026-10-08 10:15:00,494,50,544,2026-10-08,10,2123.0,235.0,2358.0
2026-10-08 10:30:00,522,53,575,2026-10-08,10,2097.0,229.0,2326.0
2026-10-08 10:45:00,459,47,506,2026-10-08,10,1997.0,220.0,2217.0
2026-10-08 11:00:00,556,56,612,2026-10-08,11,2031.0,206.0,2237.0
2026-10-08 11:15:00,581,42,623,2026-10-08,11,2118.0,198.0,2316.0
2026-10-08 11:30:00,537,58,595,2026-10-08,11,2133.0,203.0,2336.0
2026-10-08 11:45:00,550,64,614,2026-10-08,11,2224.0,220.0,2444.0
2026-10-08 12:00:00,508,63,571,2026-10-08,12,2176.0,227.0,2403.0
2026-10-08 12:15:00,558,49,607,2026-10-08,12,2153.0,234.0,2387.0
2026-10-08 12:30:00,509,46,555,2026-10-08,12,2125.0,222.0,2347.0
2026-10-08 12:45:00,504,48,552,2026-10-08,12,2079.0,206.0,2285.0
2026-10-08 13:00:00,475,42,517,2026-10-08,13,2046.0,185.0,2231.0
2026-10-08 13:15:00,477,47,524,2026-10-08,13,1965.0,183.0,2148.0
2026-10-08 13:30:00,444,54,498,2026-10-08,13,1900.0,191.0,2091.0
2026-10-08 13:45:00,407,39,446,2026-10-08,13,1803.0,182.0,1985.0
2026-10-08 14:00:00,360,23,383,2026-10-08,14,1688.0,163.0,1851.0
2026-10-08 14:15:00,334,21,355,2026-10-08,14,1545.0,137.0,1682.0
2026-10-08 14:30:00,383,27,410,2026-10-08,14,1484.0,110.0,1594.0
2026-10-08 14:45:00,408,22,430,2026-10-08,14,1485.0,93.0,1578.0
2026-10-08 15:00:00,442,27,469,2026-10-08,15,1567.0,97.0,1664.0
2026-10-08 15:15:00,438,25,463,2026-10-08,15,1671.0,101.0,1772.0
2026-10-08 15:30:00,403,27,430,2026-10-08,15,1691.0,101.0,1792.0
2026-10-08 15:45:00,362,27,389,2026-10-08,15,1645.0,106.0,1751.0
2026-10-08 16:00:00,323,21,344,2026-10-08,16,1526.0,100.0,1626.0
2026-10-08 16:15:00,323,22,345,2026-10-08,16,1411.0,97.0,1508.0
2026-10-08 16:30:00,359,17,376,2026-10-08,16,1367.0,87.0,1454.0
2026-10-08 16:45:00,375,14,389,2026-10-08,16,1380.0,74.0,1454.0
2026-10-08 17:00:00,367,17,384,2026-10-08,17,1424.0,70.0,1494.0
2026-10-08 17:15:00,394,14,408,2026-10-08,17,1495.0,62.0,1557.0
2026-10-08 17:30:00,402,17,419,2026-10-08,17,1538.0,62.0,1600.0
2026-10-08 17:45:00,382,16,398,2026-10-08,17,1545.0,64.0,1609.0
2026-10-08 18:00:00,360,19,379,2026-10-08,18,1538.0,66.0,1604.0
2026-10-08 18:15:00,365,20,385,2026-10-08,18,1509.0,72.0,1581.0
2026-10-08 18:30:00,274,12,286,2026-10-08,18,1381.0,67.0,1448.0
2026-10-08 18:45:00,229,10,239,2026-10-08,18,1228.0,61.0,1289.0
2026-10-08 19:00:00,221,10,231,2026-10-08,19,1089.0,52.0,1141.0
2026-10-08 19:15:00,226,10,236,2026-10-08,19,950.0,42.0,992.0
2026-10-08 19:30:00,227,10,237,2026-10-08,19,903.0,40.0,943.0
2026-10-08 19:45:00,211,11,222,2026-10-08,19,885.0,41.0,926.0
2026-10-08 20:00:00,169,13,182,2026-10-08,20,833.0,44.0,877.0
2026-10-08 20:15:00,122,15,137,2026-10-08,20,729.0,49.0,778.0
2026-10-08 20:30:00,94,12,106,2026-10-08,20,596.0,51.0,647.0
2026-10-08 20:45:00,44,10,54,2026-10-08,20,429.0,50.0,479.0
2026-10-08 21:00:00,30,15,45,2026-10-08,21,290.0,52.0,342.0
2026-10-08 21:15:00,15,15,30,2026-10-08,21,183.0,52.0,235.0
2026-10-08 21:30:00,7,11,18,2026-10-08,21,96.0,51.0,147.0
2026-10-08 21:45:00,3,7,10,2026-10-08,21,55.0,48.0,103.0
2026-10-08 22:00:00,0,6,6,2026-10-08,22,25.0,39.0,64.0
2026-10-08 22:15:00,0,7,7,2026-10-08,22,10.0,31.0,41.0
2026-10-08 22:30:00,0,5,5,2026-10-08,22,3.0,25.0,28.0
2026-10-08 22:45:00,0,5,5,2026-10-08,22,0.0,23.0,23.0
2026-10-08 23:00:00,0,5,5,2026-10-08,23,0.0,22.0,22.0
2026-10-08 23:15:00,0,6,6,2026-10-08,23,0.0,21.0,21.0
2026-10-08 23:30:00,0,4,4,2026-10-08,23,0.0,20.0,20.0
2026-10-08 23:45:00,0,2,2,2026-10-08,23,0.0,17.0,17.0
2026-10-09 03:00:00,52,45,97,2026-10-09,3,52.0,45.0,97.0
2026-10-09 03:15:00,84,62,146,2026-10-09,3,136.0,107.0,243.0
2026-10-09 03:30:00,240,37,277,2026-10-09,3,376.0,144.0,520.0
2026-10-09 03:45:00,550,67,617,2026-10-09,3,926.0,211.0,1137.0
2026-10-09 04:00:00,693,24,717,2026-10-09,4,1567.0,190.0,1757.0
2026-10-09 04:15:00,818,33,851,2026-10-09,4,2301.0,161.0,2462.0
2026-10-09 04:30:00,822,53,875,2026-10-09,4,2883.0,177.0,3060.0
2026-10-09 04:45:00,739,72,811,2026-10-09,4,3072.0,182.0,3254.0
2026-10-09 05:00:00,626,54,680,2026-10-09,5,3005.0,212.0,3217.0
2026-10-09 05:15:00,555,44,599,2026-10-09,5,2742.0,223.0,2965.0
2026-10-09 05:30:00,479,60,539,2026-10-09,5,2399.0,230.0,2629.0
2026-10-09 05:45:00,433,57,490,2026-10-09,5,2093.0,215.0,2308.0
2026-10-09 06:00:00,367,31,398,2026-10-09,6,1834.0,192.0,2026.0
2026-10-09 06:15:00,462,40,502,2026-10-09,6,1741.0,188.0,1929.0
2026-10-09 06:30:00,583,41,624,2026-10-09,6,1845.0,169.0,2014.0
2026-10-09 06:45:00,519,39,558,2026-10-09,6,1931.0,151.0,2082.0
2026-10-09 07:00:00,494,38,532,2026-10-09,7,2058.0,158.0,2216.0
2026-10-09 07:15:00,529,41,570,2026-10-09,7,2125.0,159.0,2284.0
2026-10-09 07:30:00,499,40,539,2026-10-09,7,2041.0,158.0,2199.0
2026-10-09 07:45:00,509,40,549,2026-10-09,7,2031.0,159.0,2190.0
2026-10-09 08:00:00,475,36,511,2026-10-09,8,2012.0,157.0,2169.0
2026-10-09 08:15:00,507,29,536,2026-10-09,8,1990.0,145.0,2135.0
2026-10-09 08:30:00,486,32,518,2026-10-09,8,1977.0,137.0,2114.0
2026-10-09 08:45:00,459,23,482,2026-10-09,8,1927.0,120.0,2047.0
2026-10-09 09:00:00,423,30,453,2026-10-09,9,1875.0,114.0,1989.0
2026-10-09 09:15:00,442,34,476,2026-10-09,9,1810.0,119.0,1929.0
2026-10-09 09:30:00,407,54,461,2026-10-09,9,1731.0,141.0,1872.0
2026-10-09 09:45:00,402,42,444,2026-10-09,9,1674.0,160.0,1834.0
2026-10-09 10:00:00,440,54,494,2026-10-09,10,1691.0,184.0,1875.0
2026-10-09 10:15:00,446,52,498,2026-10-09,10,1695.0,202.0,1897.0
2026-10-09 10:30:00,479,45,524,2026-10-09,10,1767.0,193.0,1960.0
2026-10-09 10:45:00,468,45,513,2026-10-09,10,1833.0,196.0,2029.0
2026-10-09 11:00:00,556,40,596,2026-10-09,11,1949.0,182.0,2131.0
2026-10-09 11:15:00,631,49,680,2026-10-09,11,2134.0,179.0,2313.0
2026-10-09 11:30:00,707,64,771,2026-10-09,11,2362.0,198.0,2560.0
2026-10-09 11:45:00,752,63,815,2026-10-09,11,2646.0,216.0,2862.0
2026-10-09 12:00:00,701,52,753,2026-10-09,12,2791.0,228.0,3019.0
2026-10-09 12:15:00,717,51,768,2026-10-09,12,2877.0,230.0,3107.0
2026-10-09 12:30:00,679,51,730,2026-10-09,12,2849.0,217.0,3066.0
2026-10-09 12:45:00,653,57,710,2026-10-09,12,2750.0,211.0,2961.0
2026-10-09 13:00:00,617,43,660,2026-10-09,13,2666.0,202.0,2868.0
2026-10-09 13:15:00,475,46,521,2026-10-09,13,2424.0,197.0,2621.0
2026-10-09 13:30:00,431,51,482,2026-10-09,13,2176.0,197.0,2373.0
2026-10-09 13:45:00,406,41,447,2026-10-09,13,1929.0,181.0,2110.0
2026-10-09 14:00:00,343,27,370,2026-10-09,14,1655.0,165.0,1820.0
2026-10-09 14:15:00,257,30,287,2026-10-09,14,1437.0,149.0,1586.0
2026-10-09 14:30:00,303,26,329,2026-10-09,14,1309.0,124.0,1433.0
2026-10-09 14:45:00,388,23,411,2026-10-09,14,1291.0,106.0,1397.0
2026-10-09 15:00:00,437,19,456,2026-10-09,15,1385.0,98.0,1483.0
2026-10-09 15:15:00,481,19,500,2026-10-09,15,1609.0,87.0,1696.0
2026-10-09 15:30:00,481,25,506,2026-10-09,15,1787.0,86.0,1873.0
2026-10-09 15:45:00,539,22,561,2026-10-09,15,1938.0,85.0,2023.0
2026-10-09 16:00:00,530,23,553,2026-10-09,16,2031.0,89.0,2120.0
2026-10-09 16:15:00,463,25,488,2026-10-09,16,2013.0,95.0,2108.0
2026-10-09 16:30:00,433,15,448,2026-10-09,16,1965.0,85.0,2050.0
2026-10-09 16:45:00,424,21,445,2026-10-09,16,1850.0,84.0,1934.0
2026-10-09 17:00:00,411,12,423,2026-10-09,17,1731.0,73.0,1804.0
2026-10-09 17:15:00,415,16,431,2026-10-09,17,1683.0,64.0,1747.0
2026-10-09 17:30:00,407,19,426,2026-10-09,17,1657.0,68.0,1725.0
2026-10-09 17:45:00,398,17,415,2026-10-09,17,1631.0,64.0,1695.0
2026-10-09 18:00:00,344,22,366,2026-10-09,18,1564.0,74.0,1638.0
2026-10-09 18:15:00,312,19,331,2026-10-09,18,1461.0,77.0,1538.0
2026-10-09 18:30:00,209,14,223,2026-10-09,18,1263.0,72.0,1335.0
2026-10-09 18:45:00,192,13,205,2026-10-09,18,1057.0,68.0,1125.0
2026-10-09 19:00:00,173,11,184,2026-10-09,19,886.0,57.0,943.0
2026-10-09 19:15:00,195,11,206,2026-10-09,19,769.0,49.0,818.0
2026-10-09 19:30:00,199,13,212,2026-10-09,19,759.0,48.0,807.0
2026-10-09 19:45:00,164,11,175,2026-10-09,19,731.0,46.0,777.0
2026-10-09 20:00:00,151,7,158,2026-10-09,20,709.0,42.0,751.0
2026-10-09 20:15:00,118,18,136,2026-10-09,20,632.0,49.0,681.0
2026-10-09 20:30:00,85,16,101,2026-10-09,20,518.0,52.0,570.0
2026-10-09 20:45:00,56,16,72,2026-10-09,20,410.0,57.0,467.0
2026-10-09 21:00:00,26,15,41,2026-10-09,21,285.0,65.0,350.0
2026-10-09 21:15:00,16,12,28,2026-10-09,21,183.0,59.0,242.0
2026-10-09 21:30:00,32,8,40,2026-10-09,21,130.0,51.0,181.0
2026-10-09 21:45:00,22,8,30,2026-10-09,21,96.0,43.0,139.0
2026-10-09 22:00:00,21,5,26,2026-10-09,22,91.0,33.0,124.0
2026-10-09 22:15:00,16,3,19,2026-10-09,22,91.0,24.0,115.0
2026-10-09 22:30:00,15,5,20,2026-10-09,22,74.0,21.0,95.0
2026-10-09 22:45:00,4,2,6,2026-10-09,22,56.0,15.0,71.0
2026-10-09 23:00:00,3,6,9,2026-10-09,23,38.0,16.0,54.0
2026-10-09 23:15:00,2,5,7,2026-10-09,23,24.0,18.0,42.0
2026-10-09 23:30:00,3,3,6,2026-10-09,23,12.0,16.0,28.0
2026-10-09 23:45:00,1,3,4,2026-10-09,23,9.0,17.0,26.0
2026-10-10 03:00:00,82,47,129,2026-10-10,3,82.0,47.0,129.0
2026-10-10 03:15:00,161,63,224,2026-10-10,3,243.0,110.0,353.0
2026-10-10 03:30:00,275,48,323,2026-10-10,3,518.0,158.0,676.0
2026-10-10 03:45:00,525,69,594,2026-10-10,3,1043.0,227.0,1270.0
2026-10-10 04:00:00,658,30,688,2026-10-10,4,1619.0,210.0,1829.0
2026-10-10 04:15:00,730,38,768,2026-10-10,4,2188.0,185.0,2373.0
2026-10-10 04:30:00,801,59,860,2026-10-10,4,2714.0,196.0,2910.0
2026-10-10 04:45:00,678,89,767,2026-10-10,4,2867.0,216.0,3083.0
2026-10-10 05:00:00,594,57,651,2026-10-10,5,2803.0,243.0,3046.0
2026-10-10 05:15:00,513,46,559,2026-10-10,5,2586.0,251.0,2837.0
2026-10-10 05:30:00,407,49,456,2026-10-10,5,2192.0,241.0,2433.0
2026-10-10 05:45:00,399,53,452,2026-10-10,5,1913.0,205.0,2118.0
2026-10-10 06:00:00,366,31,397,2026-10-10,6,1685.0,179.0,1864.0
2026-10-10 06:15:00,476,36,512,2026-10-10,6,1648.0,169.0,1817.0
2026-10-10 06:30:00,536,49,585,2026-10-10,6,1777.0,169.0,1946.0
2026-10-10 06:45:00,551,48,599,2026-10-10,6,1929.0,164.0,2093.0
2026-10-10 07:00:00,575,34,609,2026-10-10,7,2138.0,167.0,2305.0
2026-10-10 07:15:00,542,48,590,2026-10-10,7,2204.0,179.0,2383.0
2026-10-10 07:30:00,478,24,502,2026-10-10,7,2146.0,154.0,2300.0
2026-10-10 07:45:00,398,34,432,2026-10-10,7,1993.0,140.0,2133.0
2026-10-10 08:00:00,310,29,339,2026-10-10,8,1728.0,135.0,1863.0
2026-10-10 08:15:00,392,31,423,2026-10-10,8,1578.0,118.0,1696.0
2026-10-10 08:30:00,426,22,448,2026-10-10,8,1526.0,116.0,1642.0
2026-10-10 08:45:00,493,27,520,2026-10-10,8,1621.0,109.0,1730.0
2026-10-10 09:00:00,561,31,592,2026-10-10,9,1872.0,111.0,1983.0
2026-10-10 09:15:00,602,45,647,2026-10-10,9,2082.0,125.0,2207.0
2026-10-10 09:30:00,611,69,680,2026-10-10,9,2267.0,172.0,2439.0
2026-10-10 09:45:00,540,50,590,2026-10-10,9,2314.0,195.0,2509.0
2026-10-10 10:00:00,505,53,558,2026-10-10,10,2258.0,217.0,2475.0
2026-10-10 10:15:00,499,62,561,2026-10-10,10,2155.0,234.0,2389.0
2026-10-10 10:30:00,469,57,526,2026-10-10,10,2013.0,222.0,2235.0
2026-10-10 10:45:00,489,56,545,2026-10-10,10,1962.0,228.0,2190.0
2026-10-10 11:00:00,463,56,519,2026-10-10,11,1920.0,231.0,2151.0
2026-10-10 11:15:00,506,42,548,2026-10-10,11,1927.0,211.0,2138.0
2026-10-10 11:30:00,497,58,555,2026-10-10,11,1955.0,212.0,2167.0
2026-10-10 11:45:00,442,75,517,2026-10-10,11,1908.0,231.0,2139.0
2026-10-10 12:00:00,512,68,580,2026-10-10,12,1957.0,243.0,2200.0
2026-10-10 12:15:00,550,61,611,2026-10-10,12,2001.0,262.0,2263.0
2026-10-10 12:30:00,535,56,591,2026-10-10,12,2039.0,260.0,2299.0
2026-10-10 12:45:00,527,60,587,2026-10-10,12,2124.0,245.0,2369.0
2026-10-10 13:00:00,420,36,456,2026-10-10,13,2032.0,213.0,2245.0
2026-10-10 13:15:00,409,32,441,2026-10-10,13,1891.0,184.0,2075.0
2026-10-10 13:30:00,370,51,421,2026-10-10,13,1726.0,179.0,1905.0
2026-10-10 13:45:00,296,43,339,2026-10-10,13,1495.0,162.0,1657.0
2026-10-10 14:00:00,306,24,330,2026-10-10,14,1381.0,150.0,1531.0
2026-10-10 14:15:00,312,25,337,2026-10-10,14,1284.0,143.0,1427.0
2026-10-10 14:30:00,251,27,278,2026-10-10,14,1165.0,119.0,1284.0
2026-10-10 14:45:00,262,21,283,2026-10-10,14,1131.0,97.0,1228.0
2026-10-10 15:00:00,344,25,369,2026-10-10,15,1169.0,98.0,1267.0
2026-10-10 15:15:00,383,31,414,2026-10-10,15,1240.0,104.0,1344.0
2026-10-10 15:30:00,402,30,432,2026-10-10,15,1391.0,107.0,1498.0
2026-10-10 15:45:00,405,30,435,2026-10-10,15,1534.0,116.0,1650.0
2026-10-10 16:00:00,313,26,339,2026-10-10,16,1503.0,117.0,1620.0
2026-10-10 16:15:00,324,28,352,2026-10-10,16,1444.0,114.0,1558.0
2026-10-10 16:30:00,264,22,286,2026-10-10,16,1306.0,106.0,1412.0
2026-10-10 16:45:00,285,15,300,2026-10-10,16,1186.0,91.0,1277.0
2026-10-10 17:00:00,259,14,273,2026-10-10,17,1132.0,79.0,1211.0
2026-10-10 17:15:00,242,16,258,2026-10-10,17,1050.0,67.0,1117.0
2026-10-10 17:30:00,233,20,253,2026-10-10,17,1019.0,65.0,1084.0
2026-10-10 17:45:00,223,21,244,2026-10-10,17,957.0,71.0,1028.0
2026-10-10 18:00:00,225,26,251,2026-10-10,18,923.0,83.0,1006.0
2026-10-10 18:15:00,191,17,208,2026-10-10,18,872.0,84.0,956.0
2026-10-10 18:30:00,141,16,157,2026-10-10,18,780.0,80.0,860.0
2026-10-10 18:45:00,127,15,142,2026-10-10,18,684.0,74.0,758.0
2026-10-10 19:00:00,99,16,115,2026-10-10,19,558.0,64.0,622.0
2026-10-10 19:15:00,97,13,110,2026-10-10,19,464.0,60.0,524.0
2026-10-10 19:30:00,92,13,105,2026-10-10,19,415.0,57.0,472.0
2026-10-10 19:45:00,112,13,125,2026-10-10,19,400.0,55.0,455.0
2026-10-10 20:00:00,87,15,102,2026-10-10,20,388.0,54.0,442.0
2026-10-10 20:15:00,67,18,85,2026-10-10,20,358.0,59.0,417.0
2026-10-10 20:30:00,28,15,43,2026-10-10,20,294.0,61.0,355.0
2026-10-10 20:45:00,30,14,44,2026-10-10,20,212.0,62.0,274.0
2026-10-10 21:00:00,6,20,26,2026-10-10,21,131.0,67.0,198.0
2026-10-10 21:15:00,6,15,21,2026-10-10,21,70.0,64.0,134.0
2026-10-10 21:30:00,4,6,10,2026-10-10,21,46.0,55.0,101.0
2026-10-10 21:45:00,0,8,8,2026-10-10,21,16.0,49.0,65.0
2026-10-10 22:00:00,0,5,5,2026-10-10,22,10.0,34.0,44.0
2026-10-10 22:15:00,0,5,5,2026-10-10,22,4.0,24.0,28.0
2026-10-10 22:30:00,0,10,10,2026-10-10,22,0.0,28.0,28.0
2026-10-10 22:45:00,0,6,6,2026-10-10,22,0.0,26.0,26.0
2026-10-10 23:00:00,0,3,3,2026-10-10,23,0.0,24.0,24.0
2026-10-10 23:15:00,0,3,3,2026-10-10,23,0.0,22.0,22.0
2026-10-10 23:30:00,0,4,4,2026-10-10,23,0.0,16.0,16.0
2026-10-10 23:45:00,0,2,2,2026-10-10,23,0.0,12.0,12.0
2026-10-11 03:00:00,94,34,128,2026-10-11,3,94.0,34.0,128.0
2026-10-11 03:15:00,186,57,243,2026-10-11,3,280.0,91.0,371.0
2026-10-11 03:30:00,293,31,324,2026-10-11,3,573.0,122.0,695.0
2026-10-11 03:45:00,475,58,533,2026-10-11,3,1048.0,180.0,1228.0
2026-10-11 04:00:00,531,35,566,2026-10-11,4,1485.0,181.0,1666.0
2026-10-11 04:15:00,661,30,691,2026-10-11,4,1960.0,154.0,2114.0
2026-10-11 04:30:00,669,58,727,2026-10-11,4,2336.0,181.0,2517.0
2026-10-11 04:45:00,659,70,729,2026-10-11,4,2520.0,193.0,2713.0
2026-10-11 05:00:00,606,34,640,2026-10-11,5,2595.0,192.0,2787.0
2026-10-11 05:15:00,593,36,629,2026-10-11,5,2527.0,198.0,2725.0
2026-10-11 05:30:00,476,41,517,2026-10-11,5,2334.0,181.0,2515.0
2026-10-11 05:45:00,421,50,471,2026-10-11,5,2096.0,161.0,2257.0
2026-10-11 06:00:00,394,42,436,2026-10-11,6,1884.0,169.0,2053.0
2026-10-11 06:15:00,448,39,487,2026-10-11,6,1739.0,172.0,1911.0
2026-10-11 06:30:00,430,35,465,2026-10-11,6,1693.0,166.0,1859.0
2026-10-11 06:45:00,378,39,417,2026-10-11,6,1650.0,155.0,1805.0
2026-10-11 07:00:00,351,32,383,2026-10-11,7,1607.0,145.0,1752.0
2026-10-11 07:15:00,392,43,435,2026-10-11,7,1551.0,149.0,1700.0
2026-10-11 07:30:00,421,25,446,2026-10-11,7,1542.0,139.0,1681.0
2026-10-11 07:45:00,422,23,445,2026-10-11,7,1586.0,123.0,1709.0
2026-10-11 08:00:00,472,19,491,2026-10-11,8,1707.0,110.0,1817.0
2026-10-11 08:15:00,530,17,547,2026-10-11,8,1845.0,84.0,1929.0
2026-10-11 08:30:00,507,25,532,2026-10-11,8,1931.0,84.0,2015.0
2026-10-11 08:45:00,491,25,516,2026-10-11,8,2000.0,86.0,2086.0
2026-10-11 09:00:00,512,24,536,2026-10-11,9,2040.0,91.0,2131.0
2026-10-11 09:15:00,597,34,631,2026-10-11,9,2107.0,108.0,2215.0
2026-10-11 09:30:00,584,59,643,2026-10-11,9,2184.0,142.0,2326.0
2026-10-11 09:45:00,535,44,579,2026-10-11,9,2228.0,161.0,2389.0
2026-10-11 10:00:00,535,50,585,2026-10-11,10,2251.0,187.0,2438.0
2026-10-11 10:15:00,470,55,525,2026-10-11,10,2124.0,208.0,2332.0
2026-10-11 10:30:00,468,39,507,2026-10-11,10,2008.0,188.0,2196.0
2026-10-11 10:45:00,475,39,514,2026-10-11,10,1948.0,183.0,2131.0
2026-10-11 11:00:00,555,31,586,2026-10-11,11,1968.0,164.0,2132.0
2026-10-11 11:15:00,586,38,624,2026-10-11,11,2084.0,147.0,2231.0
2026-10-11 11:30:00,609,51,660,2026-10-11,11,2225.0,159.0,2384.0
2026-10-11 11:45:00,688,51,739,2026-10-11,11,2438.0,171.0,2609.0
2026-10-11 12:00:00,692,59,751,2026-10-11,12,2575.0,199.0,2774.0
2026-10-11 12:15:00,649,52,701,2026-10-11,12,2638.0,213.0,2851.0
2026-10-11 12:30:00,654,61,715,2026-10-11,12,2683.0,223.0,2906.0
2026-10-11 12:45:00,616,52,668,2026-10-11,12,2611.0,224.0,2835.0
2026-10-11 13:00:00,546,38,584,2026-10-11,13,2465.0,203.0,2668.0
2026-10-11 13:15:00,510,37,547,2026-10-11,13,2326.0,188.0,2514.0
2026-10-11 13:30:00,465,49,514,2026-10-11,13,2137.0,176.0,2313.0
2026-10-11 13:45:00,428,30,458,2026-10-11,13,1949.0,154.0,2103.0
2026-10-11 14:00:00,373,22,395,2026-10-11,14,1776.0,138.0,1914.0
2026-10-11 14:15:00,382,21,403,2026-10-11,14,1648.0,122.0,1770.0
2026-10-11 14:30:00,339,19,358,2026-10-11,14,1522.0,92.0,1614.0
2026-10-11 14:45:00,395,25,420,2026-10-11,14,1489.0,87.0,1576.0
2026-10-11 15:00:00,483,19,502,2026-10-11,15,1599.0,84.0,1683.0
2026-10-11 15:15:00,517,18,535,2026-10-11,15,1734.0,81.0,1815.0
2026-10-11 15:30:00,518,25,543,2026-10-11,15,1913.0,87.0,2000.0
2026-10-11 15:45:00,509,22,531,2026-10-11,15,2027.0,84.0,2111.0
2026-10-11 16:00:00,424,27,451,2026-10-11,16,1968.0,92.0,2060.0
2026-10-11 16:15:00,386,21,407,2026-10-11,16,1837.0,95.0,1932.0
2026-10-11 16:30:00,378,19,397,2026-10-11,16,1697.0,89.0,1786.0
2026-10-11 16:45:00,322,12,334,2026-10-11,16,1510.0,79.0,1589.0
2026-10-11 17:00:00,325,13,338,2026-10-11,17,1411.0,65.0,1476.0
2026-10-11 17:15:00,370,13,383,2026-10-11,17,1395.0,57.0,1452.0
2026-10-11 17:30:00,372,14,386,2026-10-11,17,1389.0,52.0,1441.0
2026-10-11 17:45:00,448,16,464,2026-10-11,17,1515.0,56.0,1571.0
2026-10-11 18:00:00,519,23,542,2026-10-11,18,1709.0,66.0,1775.0
2026-10-11 18:15:00,558,14,572,2026-10-11,18,1897.0,67.0,1964.0
2026-10-11 18:30:00,481,12,493,2026-10-11,18,2006.0,65.0,2071.0
2026-10-11 18:45:00,446,13,459,2026-10-11,18,2004.0,62.0,2066.0
2026-10-11 19:00:00,380,11,391,2026-10-11,19,1865.0,50.0,1915.0
2026-10-11 19:15:00,266,10,276,2026-10-11,19,1573.0,46.0,1619.0
2026-10-11 19:30:00,257,15,272,2026-10-11,19,1349.0,49.0,1398.0
2026-10-11 19:45:00,189,13,202,2026-10-11,19,1092.0,49.0,1141.0
2026-10-11 20:00:00,160,12,172,2026-10-11,20,872.0,50.0,922.0
2026-10-11 20:15:00,104,10,114,2026-10-11,20,710.0,50.0,760.0
2026-10-11 20:30:00,51,12,63,2026-10-11,20,504.0,47.0,551.0
2026-10-11 20:45:00,52,19,71,2026-10-11,20,367.0,53.0,420.0
2026-10-11 21:00:00,20,18,38,2026-10-11,21,227.0,59.0,286.0
2026-10-11 21:15:00,25,12,37,2026-10-11,21,148.0,61.0,209.0
2026-10-11 21:30:00,20,9,29,2026-10-11,21,117.0,58.0,175.0
2026-10-11 21:45:00,23,7,30,2026-10-11,21,88.0,46.0,134.0
2026-10-11 22:00:00,21,6,27,2026-10-11,22,89.0,34.0,123.0
2026-10-11 22:15:00,13,6,19,2026-10-11,22,77.0,28.0,105.0
2026-10-11 22:30:00,12,4,16,2026-10-11,22,69.0,23.0,92.0
2026-10-11 22:45:00,5,3,8,2026-10-11,22,51.0,19.0,70.0
2026-10-11 23:00:00,2,5,7,2026-10-11,23,32.0,18.0,50.0
2026-10-11 23:15:00,1,6,7,2026-10-11,23,20.0,18.0,38.0
2026-10-11 23:30:00,0,3,3,2026-10-11,23,8.0,17.0,25.0
2026-10-11 23:45:00,0,3,3,2026-10-11,23,3.0,17.0,20.0
2026-10-12 03:00:00,96,41,137,2026-10-12,3,96.0,41.0,137.0
2026-10-12 03:15:00,231,62,293,2026-10-12,3,327.0,103.0,430.0
2026-10-12 03:30:00,319,37,356,2026-10-12,3,646.0,140.0,786.0
2026-10-12 03:45:00,475,52,527,2026-10-12,3,1121.0,192.0,1313.0
2026-10-12 04:00:00,656,28,684,2026-10-12,4,1681.0,179.0,1860.0
2026-10-12 04:15:00,706,31,737,2026-10-12,4,2156.0,148.0,2304.0
2026-10-12 04:30:00,730,60,790,2026-10-12,4,2567.0,171.0,2738.0
2026-10-12 04:45:00,641,61,702,2026-10-12,4,2733.0,180.0,2913.0
2026-10-12 05:00:00,599,45,644,2026-10-12,5,2676.0,197.0,2873.0
2026-10-12 05:15:00,601,40,641,2026-10-12,5,2571.0,206.0,2777.0
2026-10-12 05:30:00,568,48,616,2026-10-12,5,2409.0,194.0,2603.0
2026-10-12 05:45:00,589,61,650,2026-10-12,5,2357.0,194.0,2551.0
2026-10-12 06:00:00,626,44,670,2026-10-12,6,2384.0,193.0,2577.0
2026-10-12 06:15:00,602,38,640,2026-10-12,6,2385.0,191.0,2576.0
2026-10-12 06:30:00,646,38,684,2026-10-12,6,2463.0,181.0,2644.0
2026-10-12 06:45:00,570,48,618,2026-10-12,6,2444.0,168.0,2612.0
2026-10-12 07:00:00,443,33,476,2026-10-12,7,2261.0,157.0,2418.0
2026-10-12 07:15:00,478,42,520,2026-10-12,7,2137.0,161.0,2298.0
2026-10-12 07:30:00,505,30,535,2026-10-12,7,1996.0,153.0,2149.0
2026-10-12 07:45:00,525,36,561,2026-10-12,7,1951.0,141.0,2092.0
2026-10-12 08:00:00,470,33,503,2026-10-12,8,1978.0,141.0,2119.0
2026-10-12 08:15:00,500,25,525,2026-10-12,8,2000.0,124.0,2124.0
2026-10-12 08:30:00,543,22,565,2026-10-12,8,2038.0,116.0,2154.0
2026-10-12 08:45:00,527,29,556,2026-10-12,8,2040.0,109.0,2149.0
2026-10-12 09:00:00,549,25,574,2026-10-12,9,2119.0,101.0,2220.0
2026-10-12 09:15:00,516,32,548,2026-10-12,9,2135.0,108.0,2243.0
2026-10-12 09:30:00,526,49,575,2026-10-12,9,2118.0,135.0,2253.0
2026-10-12 09:45:00,464,52,516,2026-10-12,9,2055.0,158.0,2213.0
2026-10-12 10:00:00,477,48,525,2026-10-12,10,1983.0,181.0,2164.0
2026-10-12 10:15:00,488,56,544,2026-10-12,10,1955.0,205.0,2160.0
2026-10-12 10:30:00,491,39,530,2026-10-12,10,1920.0,195.0,2115.0
2026-10-12 10:45:00,582,39,621,2026-10-12,10,2038.0,182.0,2220.0
2026-10-12 11:00:00,622,44,666,2026-10-12,11,2183.0,178.0,2361.0
2026-10-12 11:15:00,652,44,696,2026-10-12,11,2347.0,166.0,2513.0
2026-10-12 11:30:00,739,55,794,2026-10-12,11,2595.0,182.0,2777.0
2026-10-12 11:45:00,714,62,776,2026-10-12,11,2727.0,205.0,2932.0
2026-10-12 12:00:00,682,53,735,2026-10-12,12,2787.0,214.0,3001.0
2026-10-12 12:15:00,682,51,733,2026-10-12,12,2817.0,221.0,3038.0
2026-10-12 12:30:00,600,58,658,2026-10-12,12,2678.0,224.0,2902.0
2026-10-12 12:45:00,571,61,632,2026-10-12,12,2535.0,223.0,2758.0
2026-10-12 13:00:00,499,40,539,2026-10-12,13,2352.0,210.0,2562.0
2026-10-12 13:15:00,479,49,528,2026-10-12,13,2149.0,208.0,2357.0
2026-10-12 13:30:00,525,47,572,2026-10-12,13,2074.0,197.0,2271.0
2026-10-12 13:45:00,463,37,500,2026-10-12,13,1966.0,173.0,2139.0
2026-10-12 14:00:00,393,29,422,2026-10-12,14,1860.0,162.0,2022.0
2026-10-12 14:15:00,364,39,403,2026-10-12,14,1745.0,152.0,1897.0
2026-10-12 14:30:00,435,28,463,2026-10-12,14,1655.0,133.0,1788.0
2026-10-12 14:45:00,446,28,474,2026-10-12,14,1638.0,124.0,1762.0
2026-10-12 15:00:00,465,16,481,2026-10-12,15,1710.0,111.0,1821.0
2026-10-12 15:15:00,566,22,588,2026-10-12,15,1912.0,94.0,2006.0
2026-10-12 15:30:00,526,28,554,2026-10-12,15,2003.0,94.0,2097.0
2026-10-12 15:45:00,469,24,493,2026-10-12,15,2026.0,90.0,2116.0
2026-10-12 16:00:00,367,24,391,2026-10-12,16,1928.0,98.0,2026.0
2026-10-12 16:15:00,351,17,368,2026-10-12,16,1713.0,93.0,1806.0
2026-10-12 16:30:00,366,20,386,2026-10-12,16,1553.0,85.0,1638.0
2026-10-12 16:45:00,381,17,398,2026-10-12,16,1465.0,78.0,1543.0
2026-10-12 17:00:00,425,14,439,2026-10-12,17,1523.0,68.0,1591.0
2026-10-12 17:15:00,458,16,474,2026-10-12,17,1630.0,67.0,1697.0
2026-10-12 17:30:00,464,15,479,2026-10-12,17,1728.0,62.0,1790.0
2026-10-12 17:45:00,539,20,559,2026-10-12,17,1886.0,65.0,1951.0
2026-10-12 18:00:00,430,23,453,2026-10-12,18,1891.0,74.0,1965.0
2026-10-12 18:15:00,333,16,349,2026-10-12,18,1766.0,74.0,1840.0
2026-10-12 18:30:00,287,16,303,2026-10-12,18,1589.0,75.0,1664.0
2026-10-12 18:45:00,237,14,251,2026-10-12,18,1287.0,69.0,1356.0
2026-10-12 19:00:00,178,11,189,2026-10-12,19,1035.0,57.0,1092.0
2026-10-12 19:15:00,179,11,190,2026-10-12,19,881.0,52.0,933.0
2026-10-12 19:30:00,176,14,190,2026-10-12,19,770.0,50.0,820.0
2026-10-12 19:45:00,159,12,171,2026-10-12,19,692.0,48.0,740.0
2026-10-12 20:00:00,118,12,130,2026-10-12,20,632.0,49.0,681.0
2026-10-12 20:15:00,94,19,113,2026-10-12,20,547.0,57.0,604.0
2026-10-12 20:30:00,55,14,69,2026-10-12,20,426.0,57.0,483.0
2026-10-12 20:45:00,25,12,37,2026-10-12,20,292.0,57.0,349.0
2026-10-12 21:00:00,10,19,29,2026-10-12,21,184.0,64.0,248.0
2026-10-12 21:15:00,3,18,21,2026-10-12,21,93.0,63.0,156.0
2026-10-12 21:30:00,1,9,10,2026-10-12,21,39.0,58.0,97.0
2026-10-12 21:45:00,1,10,11,2026-10-12,21,15.0,56.0,71.0
2026-10-12 22:00:00,0,5,5,2026-10-12,22,5.0,42.0,47.0
2026-10-12 22:15:00,0,5,5,2026-10-12,22,2.0,29.0,31.0
2026-10-12 22:30:00,0,5,5,2026-10-12,22,1.0,25.0,26.0
2026-10-12 22:45:00,0,6,6,2026-10-12,22,0.0,21.0,21.0
2026-10-12 23:00:00,0,4,4,2026-10-12,23,0.0,20.0,20.0
2026-10-12 23:15:00,0,2,2,2026-10-12,23,0.0,17.0,17.0
2026-10-12 23:30:00,0,4,4,2026-10-12,23,0.0,16.0,16.0
2026-10-12 23:45:00,4,3,7,2026-10-12,23,4.0,13.0,17.0
2026-10-13 03:00:00,64,33,97,2026-10-13,3,64.0,33.0,97.0
2026-10-13 03:15:00,114,61,175,2026-10-13,3,178.0,94.0,272.0
2026-10-13 03:30:00,288,47,335,2026-10-13,3,466.0,141.0,607.0
2026-10-13 03:45:00,492,74,566,2026-10-13,3,958.0,215.0,1173.0
2026-10-13 04:00:00,576,38,614,2026-10-13,4,1470.0,220.0,1690.0
2026-10-13 04:15:00,658,43,701,2026-10-13,4,2014.0,202.0,2216.0
2026-10-13 04:30:00,732,69,801,2026-10-13,4,2458.0,224.0,2682.0
2026-10-13 04:45:00,668,77,745,2026-10-13,4,2634.0,227.0,2861.0
2026-10-13 05:00:00,579,56,635,2026-10-13,5,2637.0,245.0,2882.0
2026-10-13 05:15:00,595,36,631,2026-10-13,5,2574.0,238.0,2812.0
2026-10-13 05:30:00,458,39,497,2026-10-13,5,2300.0,208.0,2508.0
2026-10-13 05:45:00,440,67,507,2026-10-13,5,2072.0,198.0,2270.0
2026-10-13 06:00:00,472,52,524,2026-10-13,6,1965.0,194.0,2159.0
2026-10-13 06:15:00,388,38,426,2026-10-13,6,1758.0,196.0,1954.0
2026-10-13 06:30:00,324,39,363,2026-10-13,6,1624.0,196.0,1820.0
2026-10-13 06:45:00,340,42,382,2026-10-13,6,1524.0,171.0,1695.0
2026-10-13 07:00:00,385,26,411,2026-10-13,7,1437.0,145.0,1582.0
2026-10-13 07:15:00,447,40,487,2026-10-13,7,1496.0,147.0,1643.0
2026-10-13 07:30:00,413,35,448,2026-10-13,7,1585.0,143.0,1728.0
2026-10-13 07:45:00,432,43,475,2026-10-13,7,1677.0,144.0,1821.0
2026-10-13 08:00:00,398,38,436,2026-10-13,8,1690.0,156.0,1846.0
2026-10-13 08:15:00,414,34,448,2026-10-13,8,1657.0,150.0,1807.0
2026-10-13 08:30:00,427,31,458,2026-10-13,8,1671.0,146.0,1817.0
2026-10-13 08:45:00,467,34,501,2026-10-13,8,1706.0,137.0,1843.0
2026-10-13 09:00:00,439,32,471,2026-10-13,9,1747.0,131.0,1878.0
2026-10-13 09:15:00,466,34,500,2026-10-13,9,1799.0,131.0,1930.0
2026-10-13 09:30:00,453,59,512,2026-10-13,9,1825.0,159.0,1984.0
2026-10-13 09:45:00,492,55,547,2026-10-13,9,1850.0,180.0,2030.0
2026-10-13 10:00:00,478,70,548,2026-10-13,10,1889.0,218.0,2107.0
2026-10-13 10:15:00,473,49,522,2026-10-13,10,1896.0,233.0,2129.0
2026-10-13 10:30:00,430,50,480,2026-10-13,10,1873.0,224.0,2097.0
2026-10-13 10:45:00,430,45,475,2026-10-13,10,1811.0,214.0,2025.0
2026-10-13 11:00:00,474,54,528,2026-10-13,11,1807.0,198.0,2005.0
2026-10-13 11:15:00,514,55,569,2026-10-13,11,1848.0,204.0,2052.0
2026-10-13 11:30:00,530,54,584,2026-10-13,11,1948.0,208.0,2156.0
2026-10-13 11:45:00,520,58,578,2026-10-13,11,2038.0,221.0,2259.0
2026-10-13 12:00:00,575,67,642,2026-10-13,12,2139.0,234.0,2373.0
2026-10-13 12:15:00,604,63,667,2026-10-13,12,2229.0,242.0,2471.0
2026-10-13 12:30:00,574,62,636,2026-10-13,12,2273.0,250.0,2523.0
2026-10-13 12:45:00,526,53,579,2026-10-13,12,2279.0,245.0,2524.0
2026-10-13 13:00:00,496,41,537,2026-10-13,13,2200.0,219.0,2419.0
2026-10-13 13:15:00,485,57,542,2026-10-13,13,2081.0,213.0,2294.0
2026-10-13 13:30:00,419,68,487,2026-10-13,13,1926.0,219.0,2145.0
2026-10-13 13:45:00,352,42,394,2026-10-13,13,1752.0,208.0,1960.0
2026-10-13 14:00:00,353,26,379,2026-10-13,14,1609.0,193.0,1802.0
2026-10-13 14:15:00,380,40,420,2026-10-13,14,1504.0,176.0,1680.0
2026-10-13 14:30:00,352,37,389,2026-10-13,14,1437.0,145.0,1582.0
2026-10-13 14:45:00,368,30,398,2026-10-13,14,1453.0,133.0,1586.0
2026-10-13 15:00:00,414,29,443,2026-10-13,15,1514.0,136.0,1650.0
2026-10-13 15:15:00,434,28,462,2026-10-13,15,1568.0,124.0,1692.0
2026-10-13 15:30:00,432,30,462,2026-10-13,15,1648.0,117.0,1765.0
2026-10-13 15:45:00,411,27,438,2026-10-13,15,1691.0,114.0,1805.0
2026-10-13 16:00:00,357,24,381,2026-10-13,16,1634.0,109.0,1743.0
2026-10-13 16:15:00,319,26,345,2026-10-13,16,1519.0,107.0,1626.0
2026-10-13 16:30:00,238,19,257,2026-10-13,16,1325.0,96.0,1421.0
2026-10-13 16:45:00,248,25,273,2026-10-13,16,1162.0,94.0,1256.0
2026-10-13 17:00:00,249,17,266,2026-10-13,17,1054.0,87.0,1141.0
2026-10-13 17:15:00,270,17,287,2026-10-13,17,1005.0,78.0,1083.0
2026-10-13 17:30:00,236,18,254,2026-10-13,17,1003.0,77.0,1080.0
2026-10-13 17:45:00,211,18,229,2026-10-13,17,966.0,70.0,1036.0
2026-10-13 18:00:00,219,26,245,2026-10-13,18,936.0,79.0,1015.0
2026-10-13 18:15:00,243,16,259,2026-10-13,18,909.0,78.0,987.0
2026-10-13 18:30:00,207,15,222,2026-10-13,18,880.0,75.0,955.0
2026-10-13 18:45:00,151,19,170,2026-10-13,18,820.0,76.0,896.0
2026-10-13 19:00:00,112,13,125,2026-10-13,19,713.0,63.0,776.0
2026-10-13 19:15:00,138,15,153,2026-10-13,19,608.0,62.0,670.0
2026-10-13 19:30:00,132,12,144,2026-10-13,19,533.0,59.0,592.0
2026-10-13 19:45:00,153,14,167,2026-10-13,19,535.0,54.0,589.0
2026-10-13 20:00:00,125,14,139,2026-10-13,20,548.0,55.0,603.0
2026-10-13 20:15:00,114,20,134,2026-10-13,20,524.0,60.0,584.0
2026-10-13 20:30:00,60,21,81,2026-10-13,20,452.0,69.0,521.0
2026-10-13 20:45:00,33,15,48,2026-10-13,20,332.0,70.0,402.0
2026-10-13 21:00:00,15,16,31,2026-10-13,21,222.0,72.0,294.0
2026-10-13 21:15:00,4,16,20,2026-10-13,21,112.0,68.0,180.0
2026-10-13 21:30:00,2,13,15,2026-10-13,21,54.0,60.0,114.0
2026-10-13 21:45:00,0,13,13,2026-10-13,21,21.0,58.0,79.0
2026-10-13 22:00:00,0,10,10,2026-10-13,22,6.0,52.0,58.0
2026-10-13 22:15:00,0,10,10,2026-10-13,22,2.0,46.0,48.0
2026-10-13 22:30:00,0,8,8,2026-10-13,22,0.0,41.0,41.0
2026-10-13 22:45:00,0,4,4,2026-10-13,22,0.0,32.0,32.0
2026-10-13 23:00:00,0,6,6,2026-10-13,23,0.0,28.0,28.0
2026-10-13 23:15:00,0,5,5,2026-10-13,23,0.0,23.0,23.0
2026-10-13 23:30:00,0,1,1,2026-10-13,23,0.0,16.0,16.0
2026-10-13 23:45:00,0,1,1,2026-10-13,23,0.0,13.0,13.0
2026-10-14 03:00:00,49,31,80,2026-10-14,3,49.0,31.0,80.0
2026-10-14 03:15:00,92,38,130,2026-10-14,3,141.0,69.0,210.0
2026-10-14 03:30:00,251,37,288,2026-10-14,3,392.0,106.0,498.0
2026-10-14 03:45:00,485,56,541,2026-10-14,3,877.0,162.0,1039.0
2026-10-14 04:00:00,616,30,646,2026-10-14,4,1444.0,161.0,1605.0
2026-10-14 04:15:00,662,32,694,2026-10-14,4,2014.0,155.0,2169.0
2026-10-14 04:30:00,675,46,721,2026-10-14,4,2438.0,164.0,2602.0
2026-10-14 04:45:00,642,66,708,2026-10-14,4,2595.0,174.0,2769.0
2026-10-14 05:00:00,555,53,608,2026-10-14,5,2534.0,197.0,2731.0
2026-10-14 05:15:00,503,47,550,2026-10-14,5,2375.0,212.0,2587.0
2026-10-14 05:30:00,482,46,528,2026-10-14,5,2182.0,212.0,2394.0
2026-10-14 05:45:00,422,48,470,2026-10-14,5,1962.0,194.0,2156.0
2026-10-14 06:00:00,395,39,434,2026-10-14,6,1802.0,180.0,1982.0
2026-10-14 06:15:00,385,45,430,2026-10-14,6,1684.0,178.0,1862.0
2026-10-14 06:30:00,386,31,417,2026-10-14,6,1588.0,163.0,1751.0
2026-10-14 06:45:00,446,32,478,2026-10-14,6,1612.0,147.0,1759.0
2026-10-14 07:00:00,469,25,494,2026-10-14,7,1686.0,133.0,1819.0
2026-10-14 07:15:00,517,35,552,2026-10-14,7,1818.0,123.0,1941.0
2026-10-14 07:30:00,527,32,559,2026-10-14,7,1959.0,124.0,2083.0
2026-10-14 07:45:00,459,30,489,2026-10-14,7,1972.0,122.0,2094.0
2026-10-14 08:00:00,451,25,476,2026-10-14,8,1954.0,122.0,2076.0
2026-10-14 08:15:00,514,25,539,2026-10-14,8,1951.0,112.0,2063.0
2026-10-14 08:30:00,544,29,573,2026-10-14,8,1968.0,109.0,2077.0
2026-10-14 08:45:00,547,34,581,2026-10-14,8,2056.0,113.0,2169.0
2026-10-14 09:00:00,540,23,563,2026-10-14,9,2145.0,111.0,2256.0
2026-10-14 09:15:00,553,35,588,2026-10-14,9,2184.0,121.0,2305.0
2026-10-14 09:30:00,502,48,550,2026-10-14,9,2142.0,140.0,2282.0
2026-10-14 09:45:00,500,55,555,2026-10-14,9,2095.0,161.0,2256.0
2026-10-14 10:00:00,465,47,512,2026-10-14,10,2020.0,185.0,2205.0
2026-10-14 10:15:00,429,46,475,2026-10-14,10,1896.0,196.0,2092.0
2026-10-14 10:30:00,466,44,510,2026-10-14,10,1860.0,192.0,2052.0
2026-10-14 10:45:00,469,46,515,2026-10-14,10,1829.0,183.0,2012.0
2026-10-14 11:00:00,487,43,530,2026-10-14,11,1851.0,179.0,2030.0
2026-10-14 11:15:00,546,45,591,2026-10-14,11,1968.0,178.0,2146.0
2026-10-14 11:30:00,576,48,624,2026-10-14,11,2078.0,182.0,2260.0
2026-10-14 11:45:00,616,56,672,2026-10-14,11,2225.0,192.0,2417.0
2026-10-14 12:00:00,544,40,584,2026-10-14,12,2282.0,189.0,2471.0
2026-10-14 12:15:00,510,48,558,2026-10-14,12,2246.0,192.0,2438.0
2026-10-14 12:30:00,478,65,543,2026-10-14,12,2148.0,209.0,2357.0
2026-10-14 12:45:00,574,60,634,2026-10-14,12,2106.0,213.0,2319.0
2026-10-14 13:00:00,524,46,570,2026-10-14,13,2086.0,219.0,2305.0
2026-10-14 13:15:00,567,35,602,2026-10-14,13,2143.0,206.0,2349.0
2026-10-14 13:30:00,524,43,567,2026-10-14,13,2189.0,184.0,2373.0
2026-10-14 13:45:00,433,25,458,2026-10-14,13,2048.0,149.0,2197.0
2026-10-14 14:00:00,412,30,442,2026-10-14,14,1936.0,133.0,2069.0
2026-10-14 14:15:00,374,30,404,2026-10-14,14,1743.0,128.0,1871.0
2026-10-14 14:30:00,358,37,395,2026-10-14,14,1577.0,122.0,1699.0
2026-10-14 14:45:00,344,26,370,2026-10-14,14,1488.0,123.0,1611.0
2026-10-14 15:00:00,410,28,438,2026-10-14,15,1486.0,121.0,1607.0
2026-10-14 15:15:00,400,23,423,2026-10-14,15,1512.0,114.0,1626.0
2026-10-14 15:30:00,378,17,395,2026-10-14,15,1532.0,94.0,1626.0
2026-10-14 15:45:00,360,19,379,2026-10-14,15,1548.0,87.0,1635.0
2026-10-14 16:00:00,347,25,372,2026-10-14,16,1485.0,84.0,1569.0
2026-10-14 16:15:00,228,33,261,2026-10-14,16,1313.0,94.0,1407.0
2026-10-14 16:30:00,213,16,229,2026-10-14,16,1148.0,93.0,1241.0
2026-10-14 16:45:00,268,17,285,2026-10-14,16,1056.0,91.0,1147.0
2026-10-14 17:00:00,235,11,246,2026-10-14,17,944.0,77.0,1021.0
2026-10-14 17:15:00,208,19,227,2026-10-14,17,924.0,63.0,987.0
2026-10-14 17:30:00,184,16,200,2026-10-14,17,895.0,63.0,958.0
2026-10-14 17:45:00,174,16,190,2026-10-14,17,801.0,62.0,863.0
2026-10-14 18:00:00,168,21,189,2026-10-14,18,734.0,72.0,806.0
2026-10-14 18:15:00,175,14,189,2026-10-14,18,701.0,67.0,768.0
2026-10-14 18:30:00,135,14,149,2026-10-14,18,652.0,65.0,717.0
2026-10-14 18:45:00,120,13,133,2026-10-14,18,598.0,62.0,660.0
2026-10-14 19:00:00,163,12,175,2026-10-14,19,593.0,53.0,646.0
2026-10-14 19:15:00,172,11,183,2026-10-14,19,590.0,50.0,640.0
2026-10-14 19:30:00,172,11,183,2026-10-14,19,627.0,47.0,674.0
2026-10-14 19:45:00,150,15,165,2026-10-14,19,657.0,49.0,706.0
2026-10-14 20:00:00,110,9,119,2026-10-14,20,604.0,46.0,650.0
2026-10-14 20:15:00,87,12,99,2026-10-14,20,519.0,47.0,566.0
2026-10-14 20:30:00,42,17,59,2026-10-14,20,389.0,53.0,442.0
2026-10-14 20:45:00,22,16,38,2026-10-14,20,261.0,54.0,315.0
2026-10-14 21:00:00,6,15,21,2026-10-14,21,157.0,60.0,217.0
2026-10-14 21:15:00,1,12,13,2026-10-14,21,71.0,60.0,131.0
2026-10-14 21:30:00,1,11,12,2026-10-14,21,30.0,54.0,84.0
2026-10-14 21:45:00,0,8,8,2026-10-14,21,8.0,46.0,54.0
2026-10-14 22:00:00,0,3,3,2026-10-14,22,2.0,34.0,36.0
2026-10-14 22:15:00,0,6,6,2026-10-14,22,1.0,28.0,29.0
2026-10-14 22:30:00,0,7,7,2026-10-14,22,0.0,24.0,24.0
2026-10-14 22:45:00,0,5,5,2026-10-14,22,0.0,21.0,21.0
2026-10-14 23:00:00,0,4,4,2026-10-14,23,0.0,22.0,22.0
2026-10-14 23:15:00,0,2,2,2026-10-14,23,0.0,18.0,18.0
2026-10-14 23:30:00,0,1,1,2026-10-14,23,0.0,12.0,12.0
2026-10-14 23:45:00,0,2,2,2026-10-14,23,0.0,9.0,9.0
2026-10-15 03:00:00,44,37,81,2026-10-15,3,44.0,37.0,81.0
2026-10-15 03:15:00,84,54,138,2026-10-15,3,128.0,91.0,219.0
2026-10-15 03:30:00,242,38,280,2026-10-15,3,370.0,129.0,499.0
2026-10-15 03:45:00,484,61,545,2026-10-15,3,854.0,190.0,1044.0
2026-10-15 04:00:00,623,31,654,2026-10-15,4,1433.0,184.0,1617.0
2026-10-15 04:15:00,654,42,696,2026-10-15,4,2003.0,172.0,2175.0
2026-10-15 04:30:00,654,56,710,2026-10-15,4,2415.0,190.0,2605.0
2026-10-15 04:45:00,612,65,677,2026-10-15,4,2543.0,194.0,2737.0
2026-10-15 05:00:00,602,45,647,2026-10-15,5,2522.0,208.0,2730.0
2026-10-15 05:15:00,572,45,617,2026-10-15,5,2440.0,211.0,2651.0
2026-10-15 05:30:00,559,45,604,2026-10-15,5,2345.0,200.0,2545.0
2026-10-15 05:45:00,499,53,552,2026-10-15,5,2232.0,188.0,2420.0
2026-10-15 06:00:00,501,36,537,2026-10-15,6,2131.0,179.0,2310.0
2026-10-15 06:15:00,500,42,542,2026-10-15,6,2059.0,176.0,2235.0
2026-10-15 06:30:00,477,35,512,2026-10-15,6,1977.0,166.0,2143.0
2026-10-15 06:45:00,433,37,470,2026-10-15,6,1911.0,150.0,2061.0
2026-10-15 07:00:00,442,34,476,2026-10-15,7,1852.0,148.0,2000.0
2026-10-15 07:15:00,487,52,539,2026-10-15,7,1839.0,158.0,1997.0
2026-10-15 07:30:00,465,38,503,2026-10-15,7,1827.0,161.0,1988.0
2026-10-15 07:45:00,490,37,527,2026-10-15,7,1884.0,161.0,2045.0
2026-10-15 08:00:00,393,33,426,2026-10-15,8,1835.0,160.0,1995.0
2026-10-15 08:15:00,448,33,481,2026-10-15,8,1796.0,141.0,1937.0
2026-10-15 08:30:00,497,25,522,2026-10-15,8,1828.0,128.0,1956.0
2026-10-15 08:45:00,532,36,568,2026-10-15,8,1870.0,127.0,1997.0
2026-10-15 09:00:00,607,36,643,2026-10-15,9,2084.0,130.0,2214.0
2026-10-15 09:15:00,595,42,637,2026-10-15,9,2231.0,139.0,2370.0
2026-10-15 09:30:00,575,60,635,2026-10-15,9,2309.0,174.0,2483.0
2026-10-15 09:45:00,570,57,627,2026-10-15,9,2347.0,195.0,2542.0
2026-10-15 10:00:00,518,72,590,2026-10-15,10,2258.0,231.0,2489.0
2026-10-15 10:15:00,484,51,535,2026-10-15,10,2147.0,240.0,2387.0
2026-10-15 10:30:00,507,54,561,2026-10-15,10,2079.0,234.0,2313.0
2026-10-15 10:45:00,429,48,477,2026-10-15,10,1938.0,225.0,2163.0
2026-10-15 11:00:00,500,57,557,2026-10-15,11,1920.0,210.0,2130.0
2026-10-15 11:15:00,529,43,572,2026-10-15,11,1965.0,202.0,2167.0
2026-10-15 11:30:00,479,60,539,2026-10-15,11,1937.0,208.0,2145.0
2026-10-15 11:45:00,501,66,567,2026-10-15,11,2009.0,226.0,2235.0
2026-10-15 12:00:00,467,64,531,2026-10-15,12,1976.0,233.0,2209.0
2026-10-15 12:15:00,530,50,580,2026-10-15,12,1977.0,240.0,2217.0
2026-10-15 12:30:00,494,47,541,2026-10-15,12,1992.0,227.0,2219.0
2026-10-15 12:45:00,492,50,542,2026-10-15,12,1983.0,211.0,2194.0
2026-10-15 13:00:00,470,43,513,2026-10-15,13,1986.0,190.0,2176.0
2026-10-15 13:15:00,470,48,518,2026-10-15,13,1926.0,188.0,2114.0
2026-10-15 13:30:00,431,55,486,2026-10-15,13,1863.0,196.0,2059.0
2026-10-15 13:45:00,386,40,426,2026-10-15,13,1757.0,186.0,1943.0
2026-10-15 14:00:00,337,23,360,2026-10-15,14,1624.0,166.0,1790.0
2026-10-15 14:15:00,304,22,326,2026-10-15,14,1458.0,140.0,1598.0
2026-10-15 14:30:00,344,28,372,2026-10-15,14,1371.0,113.0,1484.0
2026-10-15 14:45:00,375,22,397,2026-10-15,14,1360.0,95.0,1455.0
2026-10-15 15:00:00,407,27,434,2026-10-15,15,1430.0,99.0,1529.0
2026-10-15 15:15:00,400,26,426,2026-10-15,15,1526.0,103.0,1629.0
2026-10-15 15:30:00,366,28,394,2026-10-15,15,1548.0,103.0,1651.0
2026-10-15 15:45:00,323,27,350,2026-10-15,15,1496.0,108.0,1604.0
2026-10-15 16:00:00,286,21,307,2026-10-15,16,1375.0,102.0,1477.0
2026-10-15 16:15:00,292,22,314,2026-10-15,16,1267.0,98.0,1365.0
2026-10-15 16:30:00,328,17,345,2026-10-15,16,1229.0,87.0,1316.0
2026-10-15 16:45:00,351,15,366,2026-10-15,16,1257.0,75.0,1332.0
2026-10-15 17:00:00,345,18,363,2026-10-15,17,1316.0,72.0,1388.0
2026-10-15 17:15:00,364,15,379,2026-10-15,17,1388.0,65.0,1453.0
2026-10-15 17:30:00,369,17,386,2026-10-15,17,1429.0,65.0,1494.0
2026-10-15 17:45:00,353,16,369,2026-10-15,17,1431.0,66.0,1497.0
2026-10-15 18:00:00,327,19,346,2026-10-15,18,1413.0,67.0,1480.0
2026-10-15 18:15:00,343,20,363,2026-10-15,18,1392.0,72.0,1464.0
2026-10-15 18:30:00,261,12,273,2026-10-15,18,1284.0,67.0,1351.0
2026-10-15 18:45:00,219,10,229,2026-10-15,18,1150.0,61.0,1211.0
2026-10-15 19:00:00,208,10,218,2026-10-15,19,1031.0,52.0,1083.0
2026-10-15 19:15:00,210,10,220,2026-10-15,19,898.0,42.0,940.0
2026-10-15 19:30:00,206,11,217,2026-10-15,19,843.0,41.0,884.0
2026-10-15 19:45:00,189,12,201,2026-10-15,19,813.0,43.0,856.0
2026-10-15 20:00:00,149,14,163,2026-10-15,20,754.0,47.0,801.0
2026-10-15 20:15:00,104,15,119,2026-10-15,20,648.0,52.0,700.0
2026-10-15 20:30:00,79,13,92,2026-10-15,20,521.0,54.0,575.0
2026-10-15 20:45:00,33,10,43,2026-10-15,20,365.0,52.0,417.0
2026-10-15 21:00:00,19,15,34,2026-10-15,21,235.0,53.0,288.0
2026-10-15 21:15:00,9,15,24,2026-10-15,21,140.0,53.0,193.0
2026-10-15 21:30:00,5,12,17,2026-10-15,21,66.0,52.0,118.0
2026-10-15 21:45:00,2,7,9,2026-10-15,21,35.0,49.0,84.0
2026-10-15 22:00:00,0,6,6,2026-10-15,22,16.0,40.0,56.0
2026-10-15 22:15:00,0,7,7,2026-10-15,22,7.0,32.0,39.0
2026-10-15 22:30:00,0,5,5,2026-10-15,22,2.0,25.0,27.0
2026-10-15 22:45:00,0,5,5,2026-10-15,22,0.0,23.0,23.0
2026-10-15 23:00:00,0,5,5,2026-10-15,23,0.0,22.0,22.0
2026-10-15 23:15:00,0,6,6,2026-10-15,23,0.0,21.0,21.0
2026-10-15 23:30:00,0,4,4,2026-10-15,23,0.0,20.0,20.0
2026-10-15 23:45:00,0,2,2,2026-10-15,23,0.0,17.0,17.0
2026-10-16 03:00:00,53,44,97,2026-10-16,3,53.0,44.0,97.0
2026-10-16 03:15:00,84,62,146,2026-10-16,3,137.0,106.0,243.0
2026-10-16 03:30:00,234,37,271,2026-10-16,3,371.0,143.0,514.0
2026-10-16 03:45:00,542,67,609,2026-10-16,3,913.0,210.0,1123.0
2026-10-16 04:00:00,678,24,702,2026-10-16,4,1538.0,190.0,1728.0
2026-10-16 04:15:00,786,33,819,2026-10-16,4,2240.0,161.0,2401.0
2026-10-16 04:30:00,762,53,815,2026-10-16,4,2768.0,177.0,2945.0
2026-10-16 04:45:00,672,72,744,2026-10-16,4,2898.0,182.0,3080.0
2026-10-16 05:00:00,558,54,612,2026-10-16,5,2778.0,212.0,2990.0
2026-10-16 05:15:00,488,44,532,2026-10-16,5,2480.0,223.0,2703.0
2026-10-16 05:30:00,418,60,478,2026-10-16,5,2136.0,230.0,2366.0
2026-10-16 05:45:00,369,57,426,2026-10-16,5,1833.0,215.0,2048.0
2026-10-16 06:00:00,302,31,333,2026-10-16,6,1577.0,192.0,1769.0
2026-10-16 06:15:00,387,40,427,2026-10-16,6,1476.0,188.0,1664.0
2026-10-16 06:30:00,507,40,547,2026-10-16,6,1565.0,168.0,1733.0
2026-10-16 06:45:00,457,39,496,2026-10-16,6,1653.0,150.0,1803.0
2026-10-16 07:00:00,436,38,474,2026-10-16,7,1787.0,157.0,1944.0
2026-10-16 07:15:00,487,41,528,2026-10-16,7,1887.0,158.0,2045.0
2026-10-16 07:30:00,474,40,514,2026-10-16,7,1854.0,158.0,2012.0
2026-10-16 07:45:00,477,40,517,2026-10-16,7,1874.0,159.0,2033.0
2026-10-16 08:00:00,441,36,477,2026-10-16,8,1879.0,157.0,2036.0
2026-10-16 08:15:00,482,29,511,2026-10-16,8,1874.0,145.0,2019.0
2026-10-16 08:30:00,470,32,502,2026-10-16,8,1870.0,137.0,2007.0
2026-10-16 08:45:00,453,23,476,2026-10-16,8,1846.0,120.0,1966.0
2026-10-16 09:00:00,421,30,451,2026-10-16,9,1826.0,114.0,1940.0
2026-10-16 09:15:00,436,33,469,2026-10-16,9,1780.0,118.0,1898.0
2026-10-16 09:30:00,401,54,455,2026-10-16,9,1711.0,140.0,1851.0
2026-10-16 09:45:00,395,42,437,2026-10-16,9,1653.0,159.0,1812.0
2026-10-16 10:00:00,431,54,485,2026-10-16,10,1663.0,183.0,1846.0
2026-10-16 10:15:00,441,52,493,2026-10-16,10,1668.0,202.0,1870.0
2026-10-16 10:30:00,473,45,518,2026-10-16,10,1740.0,193.0,1933.0
2026-10-16 10:45:00,459,45,504,2026-10-16,10,1804.0,196.0,2000.0
2026-10-16 11:00:00,540,39,579,2026-10-16,11,1913.0,181.0,2094.0
2026-10-16 11:15:00,614,49,663,2026-10-16,11,2086.0,178.0,2264.0
2026-10-16 11:30:00,680,64,744,2026-10-16,11,2293.0,197.0,2490.0
2026-10-16 11:45:00,727,63,790,2026-10-16,11,2561.0,215.0,2776.0
2026-10-16 12:00:00,676,52,728,2026-10-16,12,2697.0,228.0,2925.0
2026-10-16 12:15:00,682,51,733,2026-10-16,12,2765.0,230.0,2995.0
2026-10-16 12:30:00,647,51,698,2026-10-16,12,2732.0,217.0,2949.0
2026-10-16 12:45:00,632,57,689,2026-10-16,12,2637.0,211.0,2848.0
2026-10-16 13:00:00,614,43,657,2026-10-16,13,2575.0,202.0,2777.0
2026-10-16 13:15:00,488,46,534,2026-10-16,13,2381.0,197.0,2578.0
2026-10-16 13:30:00,466,51,517,2026-10-16,13,2200.0,197.0,2397.0
2026-10-16 13:45:00,430,41,471,2026-10-16,13,1998.0,181.0,2179.0
2026-10-16 14:00:00,357,27,384,2026-10-16,14,1741.0,165.0,1906.0
2026-10-16 14:15:00,272,30,302,2026-10-16,14,1525.0,149.0,1674.0
2026-10-16 14:30:00,293,26,319,2026-10-16,14,1352.0,124.0,1476.0
2026-10-16 14:45:00,367,23,390,2026-10-16,14,1289.0,106.0,1395.0
2026-10-16 15:00:00,412,19,431,2026-10-16,15,1344.0,98.0,1442.0
2026-10-16 15:15:00,460,19,479,2026-10-16,15,1532.0,87.0,1619.0
2026-10-16 15:30:00,459,24,483,2026-10-16,15,1698.0,85.0,1783.0
2026-10-16 15:45:00,517,22,539,2026-10-16,15,1848.0,84.0,1932.0
2026-10-16 16:00:00,493,22,515,2026-10-16,16,1929.0,87.0,2016.0
2026-10-16 16:15:00,429,25,454,2026-10-16,16,1898.0,93.0,1991.0
2026-10-16 16:30:00,408,15,423,2026-10-16,16,1847.0,84.0,1931.0
2026-10-16 16:45:00,402,21,423,2026-10-16,16,1732.0,83.0,1815.0
2026-10-16 17:00:00,395,12,407,2026-10-16,17,1634.0,73.0,1707.0
2026-10-16 17:15:00,391,16,407,2026-10-16,17,1596.0,64.0,1660.0
2026-10-16 17:30:00,379,19,398,2026-10-16,17,1567.0,68.0,1635.0
2026-10-16 17:45:00,367,17,384,2026-10-16,17,1532.0,64.0,1596.0
2026-10-16 18:00:00,313,22,335,2026-10-16,18,1450.0,74.0,1524.0
2026-10-16 18:15:00,281,19,300,2026-10-16,18,1340.0,77.0,1417.0
2026-10-16 18:30:00,182,14,196,2026-10-16,18,1143.0,72.0,1215.0
2026-10-16 18:45:00,160,13,173,2026-10-16,18,936.0,68.0,1004.0
2026-10-16 19:00:00,140,11,151,2026-10-16,19,763.0,57.0,820.0
2026-10-16 19:15:00,151,11,162,2026-10-16,19,633.0,49.0,682.0
2026-10-16 19:30:00,149,13,162,2026-10-16,19,600.0,48.0,648.0
2026-10-16 19:45:00,122,11,133,2026-10-16,19,562.0,46.0,608.0
2026-10-16 20:00:00,112,7,119,2026-10-16,20,534.0,42.0,576.0
2026-10-16 20:15:00,83,18,101,2026-10-16,20,466.0,49.0,515.0
2026-10-16 20:30:00,57,16,73,2026-10-16,20,374.0,52.0,426.0
2026-10-16 20:45:00,40,16,56,2026-10-16,20,292.0,57.0,349.0
2026-10-16 21:00:00,18,15,33,2026-10-16,21,198.0,65.0,263.0
2026-10-16 21:15:00,10,12,22,2026-10-16,21,125.0,59.0,184.0
2026-10-16 21:30:00,19,8,27,2026-10-16,21,87.0,51.0,138.0
2026-10-16 21:45:00,13,8,21,2026-10-16,21,60.0,43.0,103.0
2026-10-16 22:00:00,12,5,17,2026-10-16,22,54.0,33.0,87.0
2026-10-16 22:15:00,9,3,12,2026-10-16,22,53.0,24.0,77.0
2026-10-16 22:30:00,9,5,14,2026-10-16,22,43.0,21.0,64.0
2026-10-16 22:45:00,3,2,5,2026-10-16,22,33.0,15.0,48.0
2026-10-16 23:00:00,2,6,8,2026-10-16,23,23.0,16.0,39.0
2026-10-16 23:15:00,2,5,7,2026-10-16,23,16.0,18.0,34.0
2026-10-16 23:30:00,2,3,5,2026-10-16,23,9.0,16.0,25.0
2026-10-16 23:45:00,1,3,4,2026-10-16,23,7.0,17.0,24.0
2026-10-17 03:00:00,81,39,120,2026-10-17,3,81.0,39.0,120.0
2026-10-17 03:15:00,156,53,209,2026-10-17,3,237.0,92.0,329.0
2026-10-17 03:30:00,263,40,303,2026-10-17,3,500.0,132.0,632.0
2026-10-17 03:45:00,494,58,552,2026-10-17,3,994.0,190.0,1184.0
2026-10-17 04:00:00,622,25,647,2026-10-17,4,1535.0,176.0,1711.0
2026-10-17 04:15:00,687,31,718,2026-10-17,4,2066.0,154.0,2220.0
2026-10-17 04:30:00,749,49,798,2026-10-17,4,2552.0,163.0,2715.0
2026-10-17 04:45:00,632,74,706,2026-10-17,4,2690.0,179.0,2869.0
2026-10-17 05:00:00,549,48,597,2026-10-17,5,2617.0,202.0,2819.0
2026-10-17 05:15:00,463,38,501,2026-10-17,5,2393.0,209.0,2602.0
2026-10-17 05:30:00,362,41,403,2026-10-17,5,2006.0,201.0,2207.0
2026-10-17 05:45:00,352,44,396,2026-10-17,5,1726.0,171.0,1897.0
2026-10-17 06:00:00,323,26,349,2026-10-17,6,1500.0,149.0,1649.0
2026-10-17 06:15:00,428,30,458,2026-10-17,6,1465.0,141.0,1606.0
2026-10-17 06:30:00,488,41,529,2026-10-17,6,1591.0,141.0,1732.0
2026-10-17 06:45:00,511,40,551,2026-10-17,6,1750.0,137.0,1887.0
2026-10-17 07:00:00,533,28,561,2026-10-17,7,1960.0,139.0,2099.0
2026-10-17 07:15:00,506,40,546,2026-10-17,7,2038.0,149.0,2187.0
2026-10-17 07:30:00,440,20,460,2026-10-17,7,1990.0,128.0,2118.0
2026-10-17 07:45:00,365,28,393,2026-10-17,7,1844.0,116.0,1960.0
2026-10-17 08:00:00,286,24,310,2026-10-17,8,1597.0,112.0,1709.0
2026-10-17 08:15:00,368,26,394,2026-10-17,8,1459.0,98.0,1557.0
2026-10-17 08:30:00,392,18,410,2026-10-17,8,1411.0,96.0,1507.0
2026-10-17 08:45:00,464,22,486,2026-10-17,8,1510.0,90.0,1600.0
2026-10-17 09:00:00,517,26,543,2026-10-17,9,1741.0,92.0,1833.0
2026-10-17 09:15:00,552,37,589,2026-10-17,9,1925.0,103.0,2028.0
2026-10-17 09:30:00,588,57,645,2026-10-17,9,2121.0,142.0,2263.0
2026-10-17 09:45:00,526,42,568,2026-10-17,9,2183.0,162.0,2345.0
2026-10-17 10:00:00,496,44,540,2026-10-17,10,2162.0,180.0,2342.0
2026-10-17 10:15:00,485,52,537,2026-10-17,10,2095.0,195.0,2290.0
2026-10-17 10:30:00,453,48,501,2026-10-17,10,1960.0,186.0,2146.0
2026-10-17 10:45:00,465,47,512,2026-10-17,10,1899.0,191.0,2090.0
2026-10-17 11:00:00,442,47,489,2026-10-17,11,1845.0,194.0,2039.0
2026-10-17 11:15:00,485,35,520,2026-10-17,11,1845.0,177.0,2022.0
2026-10-17 11:30:00,480,48,528,2026-10-17,11,1872.0,177.0,2049.0
2026-10-17 11:45:00,434,62,496,2026-10-17,11,1841.0,192.0,2033.0
2026-10-17 12:00:00,514,57,571,2026-10-17,12,1913.0,202.0,2115.0
2026-10-17 12:15:00,557,51,608,2026-10-17,12,1985.0,218.0,2203.0
2026-10-17 12:30:00,542,47,589,2026-10-17,12,2047.0,217.0,2264.0
2026-10-17 12:45:00,536,50,586,2026-10-17,12,2149.0,205.0,2354.0
2026-10-17 13:00:00,427,30,457,2026-10-17,13,2062.0,178.0,2240.0
2026-10-17 13:15:00,425,27,452,2026-10-17,13,1930.0,154.0,2084.0
2026-10-17 13:30:00,378,42,420,2026-10-17,13,1766.0,149.0,1915.0
2026-10-17 13:45:00,295,36,331,2026-10-17,13,1525.0,135.0,1660.0
2026-10-17 14:00:00,305,20,325,2026-10-17,14,1403.0,125.0,1528.0
2026-10-17 14:15:00,309,21,330,2026-10-17,14,1287.0,119.0,1406.0
2026-10-17 14:30:00,247,22,269,2026-10-17,14,1156.0,99.0,1255.0
2026-10-17 14:45:00,257,17,274,2026-10-17,14,1118.0,80.0,1198.0
2026-10-17 15:00:00,337,21,358,2026-10-17,15,1150.0,81.0,1231.0
2026-10-17 15:15:00,371,26,397,2026-10-17,15,1212.0,86.0,1298.0
2026-10-17 15:30:00,388,25,413,2026-10-17,15,1353.0,89.0,1442.0
2026-10-17 15:45:00,394,25,419,2026-10-17,15,1490.0,97.0,1587.0
2026-10-17 16:00:00,295,22,317,2026-10-17,16,1448.0,98.0,1546.0
2026-10-17 16:15:00,297,23,320,2026-10-17,16,1374.0,95.0,1469.0
2026-10-17 16:30:00,226,18,244,2026-10-17,16,1212.0,88.0,1300.0
2026-10-17 16:45:00,224,13,237,2026-10-17,16,1042.0,76.0,1118.0
2026-10-17 17:00:00,180,12,192,2026-10-17,17,927.0,66.0,993.0
2026-10-17 17:15:00,189,14,203,2026-10-17,17,819.0,57.0,876.0
2026-10-17 17:30:00,228,17,245,2026-10-17,17,821.0,56.0,877.0
2026-10-17 17:45:00,252,18,270,2026-10-17,17,849.0,61.0,910.0
2026-10-17 18:00:00,280,22,302,2026-10-17,18,949.0,71.0,1020.0
2026-10-17 18:15:00,254,14,268,2026-10-17,18,1014.0,71.0,1085.0
2026-10-17 18:30:00,204,14,218,2026-10-17,18,990.0,68.0,1058.0
2026-10-17 18:45:00,160,13,173,2026-10-17,18,898.0,63.0,961.0
2026-10-17 19:00:00,105,14,119,2026-10-17,19,723.0,55.0,778.0
2026-10-17 19:15:00,93,11,104,2026-10-17,19,562.0,52.0,614.0
2026-10-17 19:30:00,90,11,101,2026-10-17,19,448.0,49.0,497.0
2026-10-17 19:45:00,111,11,122,2026-10-17,19,399.0,47.0,446.0
2026-10-17 20:00:00,81,12,93,2026-10-17,20,375.0,45.0,420.0
2026-10-17 20:15:00,62,15,77,2026-10-17,20,344.0,49.0,393.0
2026-10-17 20:30:00,24,12,36,2026-10-17,20,278.0,50.0,328.0
2026-10-17 20:45:00,28,12,40,2026-10-17,20,195.0,51.0,246.0
2026-10-17 21:00:00,6,17,23,2026-10-17,21,120.0,56.0,176.0
2026-10-17 21:15:00,4,12,16,2026-10-17,21,62.0,53.0,115.0
2026-10-17 21:30:00,4,5,9,2026-10-17,21,42.0,46.0,88.0
2026-10-17 21:45:00,0,7,7,2026-10-17,21,14.0,41.0,55.0
2026-10-17 22:00:00,0,4,4,2026-10-17,22,8.0,28.0,36.0
2026-10-17 22:15:00,0,4,4,2026-10-17,22,4.0,20.0,24.0
2026-10-17 22:30:00,0,8,8,2026-10-17,22,0.0,23.0,23.0
2026-10-17 22:45:00,0,5,5,2026-10-17,22,0.0,21.0,21.0
2026-10-17 23:00:00,0,3,3,2026-10-17,23,0.0,20.0,20.0
2026-10-17 23:15:00,0,3,3,2026-10-17,23,0.0,19.0,19.0
2026-10-17 23:30:00,0,3,3,2026-10-17,23,0.0,14.0,14.0
2026-10-17 23:45:00,0,1,1,2026-10-17,23,0.0,10.0,10.0
2026-10-18 03:00:00,91,35,126,2026-10-18,3,91.0,35.0,126.0
2026-10-18 03:15:00,173,58,231,2026-10-18,3,264.0,93.0,357.0
2026-10-18 03:30:00,271,31,302,2026-10-18,3,535.0,124.0,659.0
2026-10-18 03:45:00,445,60,505,2026-10-18,3,980.0,184.0,1164.0
2026-10-18 04:00:00,491,36,527,2026-10-18,4,1380.0,185.0,1565.0
2026-10-18 04:15:00,610,31,641,2026-10-18,4,1817.0,158.0,1975.0
2026-10-18 04:30:00,618,59,677,2026-10-18,4,2164.0,186.0,2350.0
2026-10-18 04:45:00,613,71,684,2026-10-18,4,2332.0,197.0,2529.0
2026-10-18 05:00:00,566,35,601,2026-10-18,5,2407.0,196.0,2603.0
2026-10-18 05:15:00,560,36,596,2026-10-18,5,2357.0,201.0,2558.0
2026-10-18 05:30:00,450,41,491,2026-10-18,5,2189.0,183.0,2372.0
2026-10-18 05:45:00,402,51,453,2026-10-18,5,1978.0,163.0,2141.0
2026-10-18 06:00:00,378,42,420,2026-10-18,6,1790.0,170.0,1960.0
2026-10-18 06:15:00,426,40,466,2026-10-18,6,1656.0,174.0,1830.0
2026-10-18 06:30:00,410,35,445,2026-10-18,6,1616.0,168.0,1784.0
2026-10-18 06:45:00,359,40,399,2026-10-18,6,1573.0,157.0,1730.0
2026-10-18 07:00:00,336,32,368,2026-10-18,7,1531.0,147.0,1678.0
2026-10-18 07:15:00,376,43,419,2026-10-18,7,1481.0,150.0,1631.0
2026-10-18 07:30:00,403,25,428,2026-10-18,7,1474.0,140.0,1614.0
2026-10-18 07:45:00,401,23,424,2026-10-18,7,1516.0,123.0,1639.0
2026-10-18 08:00:00,451,20,471,2026-10-18,8,1631.0,111.0,1742.0
2026-10-18 08:15:00,509,17,526,2026-10-18,8,1764.0,85.0,1849.0
2026-10-18 08:30:00,493,26,519,2026-10-18,8,1854.0,86.0,1940.0
2026-10-18 08:45:00,476,26,502,2026-10-18,8,1929.0,89.0,2018.0
2026-10-18 09:00:00,492,24,516,2026-10-18,9,1970.0,93.0,2063.0
2026-10-18 09:15:00,569,35,604,2026-10-18,9,2030.0,111.0,2141.0
2026-10-18 09:30:00,556,60,616,2026-10-18,9,2093.0,145.0,2238.0
2026-10-18 09:45:00,508,44,552,2026-10-18,9,2125.0,163.0,2288.0
2026-10-18 10:00:00,506,51,557,2026-10-18,10,2139.0,190.0,2329.0
2026-10-18 10:15:00,450,56,506,2026-10-18,10,2020.0,211.0,2231.0
2026-10-18 10:30:00,449,40,489,2026-10-18,10,1913.0,191.0,2104.0
2026-10-18 10:45:00,459,40,499,2026-10-18,10,1864.0,187.0,2051.0
2026-10-18 11:00:00,539,32,571,2026-10-18,11,1897.0,168.0,2065.0
2026-10-18 11:15:00,570,39,609,2026-10-18,11,2017.0,151.0,2168.0
2026-10-18 11:30:00,589,52,641,2026-10-18,11,2157.0,163.0,2320.0
2026-10-18 11:45:00,663,52,715,2026-10-18,11,2361.0,175.0,2536.0
2026-10-18 12:00:00,654,60,714,2026-10-18,12,2476.0,203.0,2679.0
2026-10-18 12:15:00,608,53,661,2026-10-18,12,2514.0,217.0,2731.0
2026-10-18 12:30:00,602,62,664,2026-10-18,12,2527.0,227.0,2754.0
2026-10-18 12:45:00,570,53,623,2026-10-18,12,2434.0,228.0,2662.0
2026-10-18 13:00:00,513,39,552,2026-10-18,13,2293.0,207.0,2500.0
2026-10-18 13:15:00,491,38,529,2026-10-18,13,2176.0,192.0,2368.0
2026-10-18 13:30:00,455,50,505,2026-10-18,13,2029.0,180.0,2209.0
2026-10-18 13:45:00,421,31,452,2026-10-18,13,1880.0,158.0,2038.0
2026-10-18 14:00:00,367,22,389,2026-10-18,14,1734.0,141.0,1875.0
2026-10-18 14:15:00,378,21,399,2026-10-18,14,1621.0,124.0,1745.0
2026-10-18 14:30:00,335,19,354,2026-10-18,14,1501.0,93.0,1594.0
2026-10-18 14:45:00,387,25,412,2026-10-18,14,1467.0,87.0,1554.0
2026-10-18 15:00:00,468,20,488,2026-10-18,15,1568.0,85.0,1653.0
2026-10-18 15:15:00,498,18,516,2026-10-18,15,1688.0,82.0,1770.0
2026-10-18 15:30:00,499,25,524,2026-10-18,15,1852.0,88.0,1940.0
2026-10-18 15:45:00,488,22,510,2026-10-18,15,1953.0,85.0,2038.0
2026-10-18 16:00:00,404,28,432,2026-10-18,16,1889.0,93.0,1982.0
2026-10-18 16:15:00,366,21,387,2026-10-18,16,1757.0,96.0,1853.0
2026-10-18 16:30:00,360,19,379,2026-10-18,16,1618.0,90.0,1708.0
2026-10-18 16:45:00,303,12,315,2026-10-18,16,1433.0,80.0,1513.0
2026-10-18 17:00:00,314,13,327,2026-10-18,17,1343.0,65.0,1408.0
2026-10-18 17:15:00,362,13,375,2026-10-18,17,1339.0,57.0,1396.0
2026-10-18 17:30:00,358,15,373,2026-10-18,17,1337.0,53.0,1390.0
2026-10-18 17:45:00,432,16,448,2026-10-18,17,1466.0,57.0,1523.0
2026-10-18 18:00:00,493,24,517,2026-10-18,18,1645.0,68.0,1713.0
2026-10-18 18:15:00,538,15,553,2026-10-18,18,1821.0,70.0,1891.0
2026-10-18 18:30:00,471,12,483,2026-10-18,18,1934.0,67.0,2001.0
2026-10-18 18:45:00,440,13,453,2026-10-18,18,1942.0,64.0,2006.0
2026-10-18 19:00:00,376,12,388,2026-10-18,19,1825.0,52.0,1877.0
2026-10-18 19:15:00,264,10,274,2026-10-18,19,1551.0,47.0,1598.0
2026-10-18 19:30:00,249,15,264,2026-10-18,19,1329.0,50.0,1379.0
2026-10-18 19:45:00,183,13,196,2026-10-18,19,1072.0,50.0,1122.0
2026-10-18 20:00:00,154,12,166,2026-10-18,20,850.0,50.0,900.0
2026-10-18 20:15:00,98,10,108,2026-10-18,20,684.0,50.0,734.0
2026-10-18 20:30:00,45,13,58,2026-10-18,20,480.0,48.0,528.0
2026-10-18 20:45:00,47,19,66,2026-10-18,20,344.0,54.0,398.0
2026-10-18 21:00:00,17,18,35,2026-10-18,21,207.0,60.0,267.0
2026-10-18 21:15:00,21,12,33,2026-10-18,21,130.0,62.0,192.0
2026-10-18 21:30:00,16,9,25,2026-10-18,21,101.0,58.0,159.0
2026-10-18 21:45:00,19,8,27,2026-10-18,21,73.0,47.0,120.0
2026-10-18 22:00:00,18,6,24,2026-10-18,22,74.0,35.0,109.0
2026-10-18 22:15:00,11,6,17,2026-10-18,22,64.0,29.0,93.0
2026-10-18 22:30:00,10,4,14,2026-10-18,22,58.0,24.0,82.0
2026-10-18 22:45:00,4,3,7,2026-10-18,22,43.0,19.0,62.0
2026-10-18 23:00:00,1,5,6,2026-10-18,23,26.0,18.0,44.0
2026-10-18 23:15:00,1,6,7,2026-10-18,23,16.0,18.0,34.0
2026-10-18 23:30:00,0,3,3,2026-10-18,23,6.0,17.0,23.0
2026-10-18 23:45:00,0,3,3,2026-10-18,23,2.0,17.0,19.0
2026-10-19 03:00:00,70,40,110,2026-10-19,3,70.0,40.0,110.0
2026-10-19 03:15:00,154,61,215,2026-10-19,3,224.0,101.0,325.0
2026-10-19 03:30:00,266,36,302,2026-10-19,3,490.0,137.0,627.0
2026-10-19 03:45:00,406,51,457,2026-10-19,3,896.0,188.0,1084.0
2026-10-19 04:00:00,560,28,588,2026-10-19,4,1386.0,176.0,1562.0
2026-10-19 04:15:00,611,31,642,2026-10-19,4,1843.0,146.0,1989.0
2026-10-19 04:30:00,635,59,694,2026-10-19,4,2212.0,169.0,2381.0
2026-10-19 04:45:00,550,60,610,2026-10-19,4,2356.0,178.0,2534.0
2026-10-19 05:00:00,519,44,563,2026-10-19,5,2315.0,194.0,2509.0
2026-10-19 05:15:00,533,39,572,2026-10-19,5,2237.0,202.0,2439.0
2026-10-19 05:30:00,499,47,546,2026-10-19,5,2101.0,190.0,2291.0
2026-10-19 05:45:00,500,60,560,2026-10-19,5,2051.0,190.0,2241.0
2026-10-19 06:00:00,526,44,570,2026-10-19,6,2058.0,190.0,2248.0
2026-10-19 06:15:00,497,38,535,2026-10-19,6,2022.0,189.0,2211.0
2026-10-19 06:30:00,529,38,567,2026-10-19,6,2052.0,180.0,2232.0
2026-10-19 06:45:00,474,47,521,2026-10-19,6,2026.0,167.0,2193.0
2026-10-19 07:00:00,368,32,400,2026-10-19,7,1868.0,155.0,2023.0
2026-10-19 07:15:00,397,41,438,2026-10-19,7,1768.0,158.0,1926.0
2026-10-19 07:30:00,402,30,432,2026-10-19,7,1641.0,150.0,1791.0
2026-10-19 07:45:00,447,36,483,2026-10-19,7,1614.0,139.0,1753.0
2026-10-19 08:00:00,434,32,466,2026-10-19,8,1680.0,139.0,1819.0
2026-10-19 08:15:00,473,25,498,2026-10-19,8,1756.0,123.0,1879.0
2026-10-19 08:30:00,518,22,540,2026-10-19,8,1872.0,115.0,1987.0
2026-10-19 08:45:00,502,28,530,2026-10-19,8,1927.0,107.0,2034.0
2026-10-19 09:00:00,519,24,543,2026-10-19,9,2012.0,99.0,2111.0
2026-10-19 09:15:00,487,31,518,2026-10-19,9,2026.0,105.0,2131.0
2026-10-19 09:30:00,502,48,550,2026-10-19,9,2010.0,131.0,2141.0
2026-10-19 09:45:00,448,51,499,2026-10-19,9,1956.0,154.0,2110.0
2026-10-19 10:00:00,459,47,506,2026-10-19,10,1896.0,177.0,2073.0
2026-10-19 10:15:00,468,55,523,2026-10-19,10,1877.0,201.0,2078.0
2026-10-19 10:30:00,462,38,500,2026-10-19,10,1837.0,191.0,2028.0
2026-10-19 10:45:00,549,38,587,2026-10-19,10,1938.0,178.0,2116.0
2026-10-19 11:00:00,586,43,629,2026-10-19,11,2065.0,174.0,2239.0
2026-10-19 11:15:00,614,43,657,2026-10-19,11,2211.0,162.0,2373.0
2026-10-19 11:30:00,691,54,745,2026-10-19,11,2440.0,178.0,2618.0
2026-10-19 11:45:00,660,61,721,2026-10-19,11,2551.0,201.0,2752.0
2026-10-19 12:00:00,631,52,683,2026-10-19,12,2596.0,210.0,2806.0
2026-10-19 12:15:00,635,50,685,2026-10-19,12,2617.0,217.0,2834.0
2026-10-19 12:30:00,554,57,611,2026-10-19,12,2480.0,220.0,2700.0
2026-10-19 12:45:00,517,60,577,2026-10-19,12,2337.0,219.0,2556.0
2026-10-19 13:00:00,455,39,494,2026-10-19,13,2161.0,206.0,2367.0
2026-10-19 13:15:00,462,49,511,2026-10-19,13,1988.0,205.0,2193.0
2026-10-19 13:30:00,504,47,551,2026-10-19,13,1938.0,195.0,2133.0
2026-10-19 13:45:00,433,37,470,2026-10-19,13,1854.0,172.0,2026.0
2026-10-19 14:00:00,350,29,379,2026-10-19,14,1749.0,162.0,1911.0
2026-10-19 14:15:00,328,38,366,2026-10-19,14,1615.0,151.0,1766.0
2026-10-19 14:30:00,392,27,419,2026-10-19,14,1503.0,131.0,1634.0
2026-10-19 14:45:00,425,28,453,2026-10-19,14,1495.0,122.0,1617.0
2026-10-19 15:00:00,428,16,444,2026-10-19,15,1573.0,109.0,1682.0
2026-10-19 15:15:00,522,22,544,2026-10-19,15,1767.0,93.0,1860.0
2026-10-19 15:30:00,472,27,499,2026-10-19,15,1847.0,93.0,1940.0
2026-10-19 15:45:00,420,23,443,2026-10-19,15,1842.0,88.0,1930.0
2026-10-19 16:00:00,332,24,356,2026-10-19,16,1746.0,96.0,1842.0
2026-10-19 16:15:00,322,17,339,2026-10-19,16,1546.0,91.0,1637.0
2026-10-19 16:30:00,336,19,355,2026-10-19,16,1410.0,83.0,1493.0
2026-10-19 16:45:00,351,16,367,2026-10-19,16,1341.0,76.0,1417.0
2026-10-19 17:00:00,392,13,405,2026-10-19,17,1401.0,65.0,1466.0
2026-10-19 17:15:00,422,15,437,2026-10-19,17,1501.0,63.0,1564.0
2026-10-19 17:30:00,425,15,440,2026-10-19,17,1590.0,59.0,1649.0
2026-10-19 17:45:00,492,20,512,2026-10-19,17,1731.0,63.0,1794.0
2026-10-19 18:00:00,395,23,418,2026-10-19,18,1734.0,73.0,1807.0
2026-10-19 18:15:00,309,16,325,2026-10-19,18,1621.0,74.0,1695.0
2026-10-19 18:30:00,265,16,281,2026-10-19,18,1461.0,75.0,1536.0
2026-10-19 18:45:00,228,14,242,2026-10-19,18,1197.0,69.0,1266.0
2026-10-19 19:00:00,178,11,189,2026-10-19,19,980.0,57.0,1037.0
2026-10-19 19:15:00,179,11,190,2026-10-19,19,850.0,52.0,902.0
2026-10-19 19:30:00,179,14,193,2026-10-19,19,764.0,50.0,814.0
2026-10-19 19:45:00,161,12,173,2026-10-19,19,697.0,48.0,745.0
2026-10-19 20:00:00,119,12,131,2026-10-19,20,638.0,49.0,687.0
2026-10-19 20:15:00,94,18,112,2026-10-19,20,553.0,56.0,609.0
2026-10-19 20:30:00,54,13,67,2026-10-19,20,428.0,55.0,483.0
2026-10-19 20:45:00,25,12,37,2026-10-19,20,292.0,55.0,347.0
2026-10-19 21:00:00,9,19,28,2026-10-19,21,182.0,62.0,244.0
2026-10-19 21:15:00,3,17,20,2026-10-19,21,91.0,61.0,152.0
2026-10-19 21:30:00,1,9,10,2026-10-19,21,38.0,57.0,95.0
2026-10-19 21:45:00,1,10,11,2026-10-19,21,14.0,55.0,69.0
2026-10-19 22:00:00,0,5,5,2026-10-19,22,5.0,41.0,46.0
2026-10-19 22:15:00,0,5,5,2026-10-19,22,2.0,29.0,31.0
2026-10-19 22:30:00,0,5,5,2026-10-19,22,1.0,25.0,26.0
2026-10-19 22:45:00,0,6,6,2026-10-19,22,0.0,21.0,21.0
2026-10-19 23:00:00,0,3,3,2026-10-19,23,0.0,19.0,19.0
2026-10-19 23:15:00,0,2,2,2026-10-19,23,0.0,16.0,16.0
2026-10-19 23:30:00,0,4,4,2026-10-19,23,0.0,15.0,15.0
2026-10-19 23:45:00,2,3,5,2026-10-19,23,2.0,12.0,14.0
2026-10-20 03:00:00,34,30,64,2026-10-20,3,34.0,30.0,64.0
2026-10-20 03:15:00,62,55,117,2026-10-20,3,96.0,85.0,181.0
2026-10-20 03:30:00,195,43,238,2026-10-20,3,291.0,128.0,419.0
2026-10-20 03:45:00,319,67,386,2026-10-20,3,610.0,195.0,805.0
2026-10-20 04:00:00,389,34,423,2026-10-20,4,965.0,199.0,1164.0
2026-10-20 04:15:00,457,39,496,2026-10-20,4,1360.0,183.0,1543.0
2026-10-20 04:30:00,539,62,601,2026-10-20,4,1704.0,202.0,1906.0
2026-10-20 04:45:00,511,69,580,2026-10-20,4,1896.0,204.0,2100.0
2026-10-20 05:00:00,465,50,515,2026-10-20,5,1972.0,220.0,2192.0
2026-10-20 05:15:00,497,32,529,2026-10-20,5,2012.0,213.0,2225.0
2026-10-20 05:30:00,391,35,426,2026-10-20,5,1864.0,186.0,2050.0
2026-10-20 05:45:00,379,60,439,2026-10-20,5,1732.0,177.0,1909.0
2026-10-20 06:00:00,399,47,446,2026-10-20,6,1666.0,174.0,1840.0
2026-10-20 06:15:00,345,34,379,2026-10-20,6,1514.0,176.0,1690.0
2026-10-20 06:30:00,300,35,335,2026-10-20,6,1423.0,176.0,1599.0
2026-10-20 06:45:00,320,38,358,2026-10-20,6,1364.0,154.0,1518.0
2026-10-20 07:00:00,366,24,390,2026-10-20,7,1331.0,131.0,1462.0
2026-10-20 07:15:00,429,36,465,2026-10-20,7,1415.0,133.0,1548.0
2026-10-20 07:30:00,398,32,430,2026-10-20,7,1513.0,130.0,1643.0
2026-10-20 07:45:00,414,39,453,2026-10-20,7,1607.0,131.0,1738.0
2026-10-20 08:00:00,377,35,412,2026-10-20,8,1618.0,142.0,1760.0
2026-10-20 08:15:00,389,31,420,2026-10-20,8,1578.0,137.0,1715.0
2026-10-20 08:30:00,393,28,421,2026-10-20,8,1573.0,133.0,1706.0
2026-10-20 08:45:00,422,31,453,2026-10-20,8,1581.0,125.0,1706.0
2026-10-20 09:00:00,391,29,420,2026-10-20,9,1595.0,119.0,1714.0
2026-10-20 09:15:00,418,31,449,2026-10-20,9,1624.0,119.0,1743.0
2026-10-20 09:30:00,401,53,454,2026-10-20,9,1632.0,144.0,1776.0
2026-10-20 09:45:00,420,50,470,2026-10-20,9,1630.0,163.0,1793.0
2026-10-20 10:00:00,415,63,478,2026-10-20,10,1654.0,197.0,1851.0
2026-10-20 10:15:00,400,44,444,2026-10-20,10,1636.0,210.0,1846.0
2026-10-20 10:30:00,354,45,399,2026-10-20,10,1589.0,202.0,1791.0
2026-10-20 10:45:00,346,41,387,2026-10-20,10,1515.0,193.0,1708.0
2026-10-20 11:00:00,376,49,425,2026-10-20,11,1476.0,179.0,1655.0
2026-10-20 11:15:00,379,50,429,2026-10-20,11,1455.0,185.0,1640.0
2026-10-20 11:30:00,408,49,457,2026-10-20,11,1509.0,189.0,1698.0
2026-10-20 11:45:00,393,52,445,2026-10-20,11,1556.0,200.0,1756.0
2026-10-20 12:00:00,462,61,523,2026-10-20,12,1642.0,212.0,1854.0
2026-10-20 12:15:00,490,57,547,2026-10-20,12,1753.0,219.0,1972.0
2026-10-20 12:30:00,466,56,522,2026-10-20,12,1811.0,226.0,2037.0
2026-10-20 12:45:00,437,48,485,2026-10-20,12,1855.0,222.0,2077.0
2026-10-20 13:00:00,423,37,460,2026-10-20,13,1816.0,198.0,2014.0
2026-10-20 13:15:00,408,51,459,2026-10-20,13,1734.0,192.0,1926.0
2026-10-20 13:30:00,349,62,411,2026-10-20,13,1617.0,198.0,1815.0
2026-10-20 13:45:00,294,38,332,2026-10-20,13,1474.0,188.0,1662.0
2026-10-20 14:00:00,308,24,332,2026-10-20,14,1359.0,175.0,1534.0
2026-10-20 14:15:00,327,36,363,2026-10-20,14,1278.0,160.0,1438.0
2026-10-20 14:30:00,314,34,348,2026-10-20,14,1243.0,132.0,1375.0
2026-10-20 14:45:00,328,27,355,2026-10-20,14,1277.0,121.0,1398.0
2026-10-20 15:00:00,376,26,402,2026-10-20,15,1345.0,123.0,1468.0
2026-10-20 15:15:00,393,25,418,2026-10-20,15,1411.0,112.0,1523.0
2026-10-20 15:30:00,390,27,417,2026-10-20,15,1487.0,105.0,1592.0
2026-10-20 15:45:00,365,24,389,2026-10-20,15,1524.0,102.0,1626.0
2026-10-20 16:00:00,312,21,333,2026-10-20,16,1460.0,97.0,1557.0
2026-10-20 16:15:00,279,24,303,2026-10-20,16,1346.0,96.0,1442.0
2026-10-20 16:30:00,212,17,229,2026-10-20,16,1168.0,86.0,1254.0
2026-10-20 16:45:00,224,23,247,2026-10-20,16,1027.0,85.0,1112.0
2026-10-20 17:00:00,227,15,242,2026-10-20,17,942.0,79.0,1021.0
2026-10-20 17:15:00,229,15,244,2026-10-20,17,892.0,70.0,962.0
2026-10-20 17:30:00,198,16,214,2026-10-20,17,878.0,69.0,947.0
2026-10-20 17:45:00,170,17,187,2026-10-20,17,824.0,63.0,887.0
2026-10-20 18:00:00,175,23,198,2026-10-20,18,772.0,71.0,843.0
2026-10-20 18:15:00,197,15,212,2026-10-20,18,740.0,71.0,811.0
2026-10-20 18:30:00,161,14,175,2026-10-20,18,703.0,69.0,772.0
2026-10-20 18:45:00,116,17,133,2026-10-20,18,649.0,69.0,718.0
2026-10-20 19:00:00,85,11,96,2026-10-20,19,559.0,57.0,616.0
2026-10-20 19:15:00,107,13,120,2026-10-20,19,469.0,55.0,524.0
2026-10-20 19:30:00,105,11,116,2026-10-20,19,413.0,52.0,465.0
2026-10-20 19:45:00,125,13,138,2026-10-20,19,422.0,48.0,470.0
2026-10-20 20:00:00,101,13,114,2026-10-20,20,438.0,50.0,488.0
2026-10-20 20:15:00,94,18,112,2026-10-20,20,425.0,55.0,480.0
2026-10-20 20:30:00,51,19,70,2026-10-20,20,371.0,63.0,434.0
2026-10-20 20:45:00,29,14,43,2026-10-20,20,275.0,64.0,339.0
2026-10-20 21:00:00,13,15,28,2026-10-20,21,187.0,66.0,253.0
2026-10-20 21:15:00,3,14,17,2026-10-20,21,96.0,62.0,158.0
2026-10-20 21:30:00,1,12,13,2026-10-20,21,46.0,55.0,101.0
2026-10-20 21:45:00,0,12,12,2026-10-20,21,17.0,53.0,70.0
2026-10-20 22:00:00,0,9,9,2026-10-20,22,4.0,47.0,51.0
2026-10-20 22:15:00,0,9,9,2026-10-20,22,1.0,42.0,43.0
2026-10-20 22:30:00,0,7,7,2026-10-20,22,0.0,37.0,37.0
2026-10-20 22:45:00,0,3,3,2026-10-20,22,0.0,28.0,28.0
2026-10-20 23:00:00,0,5,5,2026-10-20,23,0.0,24.0,24.0
2026-10-20 23:15:00,0,5,5,2026-10-20,23,0.0,20.0,20.0
2026-10-20 23:30:00,0,1,1,2026-10-20,23,0.0,14.0,14.0
2026-10-20 23:45:00,0,1,1,2026-10-20,23,0.0,12.0,12.0
2026-10-21 03:00:00,35,32,67,2026-10-21,3,35.0,32.0,67.0
2026-10-21 03:15:00,70,39,109,2026-10-21,3,105.0,71.0,176.0
2026-10-21 03:30:00,190,38,228,2026-10-21,3,295.0,109.0,404.0
2026-10-21 03:45:00,350,58,408,2026-10-21,3,645.0,167.0,812.0
2026-10-21 04:00:00,457,31,488,2026-10-21,4,1067.0,166.0,1233.0
2026-10-21 04:15:00,493,33,526,2026-10-21,4,1490.0,160.0,1650.0
2026-10-21 04:30:00,513,47,560,2026-10-21,4,1813.0,169.0,1982.0
2026-10-21 04:45:00,478,68,546,2026-10-21,4,1941.0,179.0,2120.0
2026-10-21 05:00:00,426,55,481,2026-10-21,5,1910.0,203.0,2113.0
2026-10-21 05:15:00,389,48,437,2026-10-21,5,1806.0,218.0,2024.0
2026-10-21 05:30:00,375,47,422,2026-10-21,5,1668.0,218.0,1886.0
2026-10-21 05:45:00,335,49,384,2026-10-21,5,1525.0,199.0,1724.0
2026-10-21 06:00:00,320,40,360,2026-10-21,6,1419.0,184.0,1603.0
2026-10-21 06:15:00,330,46,376,2026-10-21,6,1360.0,182.0,1542.0
2026-10-21 06:30:00,339,32,371,2026-10-21,6,1324.0,167.0,1491.0
2026-10-21 06:45:00,409,33,442,2026-10-21,6,1398.0,151.0,1549.0
2026-10-21 07:00:00,428,25,453,2026-10-21,7,1506.0,136.0,1642.0
2026-10-21 07:15:00,473,36,509,2026-10-21,7,1649.0,126.0,1775.0
2026-10-21 07:30:00,476,33,509,2026-10-21,7,1786.0,127.0,1913.0
2026-10-21 07:45:00,402,31,433,2026-10-21,7,1779.0,125.0,1904.0
2026-10-21 08:00:00,397,26,423,2026-10-21,8,1748.0,126.0,1874.0
2026-10-21 08:15:00,450,26,476,2026-10-21,8,1725.0,116.0,1841.0
2026-10-21 08:30:00,475,30,505,2026-10-21,8,1724.0,113.0,1837.0
2026-10-21 08:45:00,470,35,505,2026-10-21,8,1792.0,117.0,1909.0
2026-10-21 09:00:00,454,24,478,2026-10-21,9,1849.0,115.0,1964.0
2026-10-21 09:15:00,458,36,494,2026-10-21,9,1857.0,125.0,1982.0
2026-10-21 09:30:00,407,49,456,2026-10-21,9,1789.0,144.0,1933.0
2026-10-21 09:45:00,408,57,465,2026-10-21,9,1727.0,166.0,1893.0
2026-10-21 10:00:00,389,49,438,2026-10-21,10,1662.0,191.0,1853.0
2026-10-21 10:15:00,362,47,409,2026-10-21,10,1566.0,202.0,1768.0
2026-10-21 10:30:00,406,46,452,2026-10-21,10,1565.0,199.0,1764.0
2026-10-21 10:45:00,414,47,461,2026-10-21,10,1571.0,189.0,1760.0
2026-10-21 11:00:00,430,45,475,2026-10-21,11,1612.0,185.0,1797.0
2026-10-21 11:15:00,486,46,532,2026-10-21,11,1736.0,184.0,1920.0
2026-10-21 11:30:00,524,49,573,2026-10-21,11,1854.0,187.0,2041.0
2026-10-21 11:45:00,567,58,625,2026-10-21,11,2007.0,198.0,2205.0
2026-10-21 12:00:00,498,41,539,2026-10-21,12,2075.0,194.0,2269.0
2026-10-21 12:15:00,464,50,514,2026-10-21,12,2053.0,198.0,2251.0
2026-10-21 12:30:00,441,67,508,2026-10-21,12,1970.0,216.0,2186.0
2026-10-21 12:45:00,527,61,588,2026-10-21,12,1930.0,219.0,2149.0
2026-10-21 13:00:00,467,47,514,2026-10-21,13,1899.0,225.0,2124.0
2026-10-21 13:15:00,493,36,529,2026-10-21,13,1928.0,211.0,2139.0
2026-10-21 13:30:00,427,44,471,2026-10-21,13,1914.0,188.0,2102.0
2026-10-21 13:45:00,356,26,382,2026-10-21,13,1743.0,153.0,1896.0
2026-10-21 14:00:00,346,31,377,2026-10-21,14,1622.0,137.0,1759.0
2026-10-21 14:15:00,312,31,343,2026-10-21,14,1441.0,132.0,1573.0
2026-10-21 14:30:00,306,39,345,2026-10-21,14,1320.0,127.0,1447.0
2026-10-21 14:45:00,319,27,346,2026-10-21,14,1283.0,128.0,1411.0
2026-10-21 15:00:00,382,29,411,2026-10-21,15,1319.0,126.0,1445.0
2026-10-21 15:15:00,371,23,394,2026-10-21,15,1378.0,118.0,1496.0
2026-10-21 15:30:00,357,18,375,2026-10-21,15,1429.0,97.0,1526.0
2026-10-21 15:45:00,328,20,348,2026-10-21,15,1438.0,90.0,1528.0
2026-10-21 16:00:00,302,25,327,2026-10-21,16,1358.0,86.0,1444.0
2026-10-21 16:15:00,205,34,239,2026-10-21,16,1192.0,97.0,1289.0
2026-10-21 16:30:00,176,17,193,2026-10-21,16,1011.0,96.0,1107.0
2026-10-21 16:45:00,220,17,237,2026-10-21,16,903.0,93.0,996.0
2026-10-21 17:00:00,200,12,212,2026-10-21,17,801.0,80.0,881.0
2026-10-21 17:15:00,180,19,199,2026-10-21,17,776.0,65.0,841.0
2026-10-21 17:30:00,167,16,183,2026-10-21,17,767.0,64.0,831.0
2026-10-21 17:45:00,168,17,185,2026-10-21,17,715.0,64.0,779.0
2026-10-21 18:00:00,166,21,187,2026-10-21,18,681.0,73.0,754.0
2026-10-21 18:15:00,171,15,186,2026-10-21,18,672.0,69.0,741.0
2026-10-21 18:30:00,129,14,143,2026-10-21,18,634.0,67.0,701.0
2026-10-21 18:45:00,111,13,124,2026-10-21,18,577.0,63.0,640.0
2026-10-21 19:00:00,141,12,153,2026-10-21,19,552.0,54.0,606.0
2026-10-21 19:15:00,141,11,152,2026-10-21,19,522.0,50.0,572.0
2026-10-21 19:30:00,138,11,149,2026-10-21,19,531.0,47.0,578.0
2026-10-21 19:45:00,114,15,129,2026-10-21,19,534.0,49.0,583.0
2026-10-21 20:00:00,83,9,92,2026-10-21,20,476.0,46.0,522.0
2026-10-21 20:15:00,66,13,79,2026-10-21,20,401.0,48.0,449.0
2026-10-21 20:30:00,34,17,51,2026-10-21,20,297.0,54.0,351.0
2026-10-21 20:45:00,19,16,35,2026-10-21,20,202.0,55.0,257.0
2026-10-21 21:00:00,6,15,21,2026-10-21,21,125.0,61.0,186.0
2026-10-21 21:15:00,1,13,14,2026-10-21,21,60.0,61.0,121.0
2026-10-21 21:30:00,1,11,12,2026-10-21,21,27.0,55.0,82.0
2026-10-21 21:45:00,0,9,9,2026-10-21,21,8.0,48.0,56.0
2026-10-21 22:00:00,0,3,3,2026-10-21,22,2.0,36.0,38.0
2026-10-21 22:15:00,0,7,7,2026-10-21,22,1.0,30.0,31.0
2026-10-21 22:30:00,0,7,7,2026-10-21,22,0.0,26.0,26.0
2026-10-21 22:45:00,0,5,5,2026-10-21,22,0.0,22.0,22.0
2026-10-21 23:00:00,0,5,5,2026-10-21,23,0.0,24.0,24.0
2026-10-21 23:15:00,0,2,2,2026-10-21,23,0.0,19.0,19.0
2026-10-21 23:30:00,0,1,1,2026-10-21,23,0.0,13.0,13.0
2026-10-21 23:45:00,0,2,2,2026-10-21,23,0.0,10.0,10.0
2026-10-22 03:00:00,32,36,68,2026-10-22,3,32.0,36.0,68.0
2026-10-22 03:15:00,66,53,119,2026-10-22,3,98.0,89.0,187.0
2026-10-22 03:30:00,180,37,217,2026-10-22,3,278.0,126.0,404.0
2026-10-22 03:45:00,358,60,418,2026-10-22,3,636.0,186.0,822.0
2026-10-22 04:00:00,442,31,473,2026-10-22,4,1046.0,181.0,1227.0
2026-10-22 04:15:00,458,41,499,2026-10-22,4,1438.0,169.0,1607.0
2026-10-22 04:30:00,490,55,545,2026-10-22,4,1748.0,187.0,1935.0
2026-10-22 04:45:00,471,63,534,2026-10-22,4,1861.0,190.0,2051.0
2026-10-22 05:00:00,481,44,525,2026-10-22,5,1900.0,203.0,2103.0
2026-10-22 05:15:00,473,44,517,2026-10-22,5,1915.0,206.0,2121.0
2026-10-22 05:30:00,462,44,506,2026-10-22,5,1887.0,195.0,2082.0
2026-10-22 05:45:00,420,52,472,2026-10-22,5,1836.0,184.0,2020.0
2026-10-22 06:00:00,405,35,440,2026-10-22,6,1760.0,175.0,1935.0
2026-10-22 06:15:00,381,41,422,2026-10-22,6,1668.0,172.0,1840.0
2026-10-22 06:30:00,345,34,379,2026-10-22,6,1551.0,162.0,1713.0
2026-10-22 06:45:00,297,36,333,2026-10-22,6,1428.0,146.0,1574.0
2026-10-22 07:00:00,316,34,350,2026-10-22,7,1339.0,145.0,1484.0
2026-10-22 07:15:00,360,51,411,2026-10-22,7,1318.0,155.0,1473.0
2026-10-22 07:30:00,364,37,401,2026-10-22,7,1337.0,158.0,1495.0
2026-10-22 07:45:00,421,36,457,2026-10-22,7,1461.0,158.0,1619.0
2026-10-22 08:00:00,346,32,378,2026-10-22,8,1491.0,156.0,1647.0
2026-10-22 08:15:00,404,32,436,2026-10-22,8,1535.0,137.0,1672.0
2026-10-22 08:30:00,458,24,482,2026-10-22,8,1629.0,124.0,1753.0
2026-10-22 08:45:00,495,35,530,2026-10-22,8,1703.0,123.0,1826.0
2026-10-22 09:00:00,564,35,599,2026-10-22,9,1921.0,126.0,2047.0
2026-10-22 09:15:00,550,41,591,2026-10-22,9,2067.0,135.0,2202.0
2026-10-22 09:30:00,528,59,587,2026-10-22,9,2137.0,170.0,2307.0
2026-10-22 09:45:00,518,56,574,2026-10-22,9,2160.0,191.0,2351.0
2026-10-22 10:00:00,469,70,539,2026-10-22,10,2065.0,226.0,2291.0
2026-10-22 10:15:00,441,50,491,2026-10-22,10,1956.0,235.0,2191.0
2026-10-22 10:30:00,466,53,519,2026-10-22,10,1894.0,229.0,2123.0
2026-10-22 10:45:00,392,47,439,2026-10-22,10,1768.0,220.0,1988.0
2026-10-22 11:00:00,440,56,496,2026-10-22,11,1739.0,206.0,1945.0
2026-10-22 11:15:00,468,42,510,2026-10-22,11,1766.0,198.0,1964.0
2026-10-22 11:30:00,421,58,479,2026-10-22,11,1721.0,203.0,1924.0
2026-10-22 11:45:00,425,64,489,2026-10-22,11,1754.0,220.0,1974.0
2026-10-22 12:00:00,381,63,444,2026-10-22,12,1695.0,227.0,1922.0
2026-10-22 12:15:00,433,49,482,2026-10-22,12,1660.0,234.0,1894.0
2026-10-22 12:30:00,393,46,439,2026-10-22,12,1632.0,222.0,1854.0
2026-10-22 12:45:00,378,48,426,2026-10-22,12,1585.0,206.0,1791.0
2026-10-22 13:00:00,349,42,391,2026-10-22,13,1553.0,185.0,1738.0
2026-10-22 13:15:00,345,47,392,2026-10-22,13,1465.0,183.0,1648.0
2026-10-22 13:30:00,313,54,367,2026-10-22,13,1385.0,191.0,1576.0
2026-10-22 13:45:00,281,39,320,2026-10-22,13,1288.0,182.0,1470.0
2026-10-22 14:00:00,256,23,279,2026-10-22,14,1195.0,163.0,1358.0
2026-10-22 14:15:00,233,21,254,2026-10-22,14,1083.0,137.0,1220.0
2026-10-22 14:30:00,300,27,327,2026-10-22,14,1070.0,110.0,1180.0
2026-10-22 14:45:00,325,22,347,2026-10-22,14,1114.0,93.0,1207.0
2026-10-22 15:00:00,359,27,386,2026-10-22,15,1217.0,97.0,1314.0
2026-10-22 15:15:00,391,25,416,2026-10-22,15,1375.0,101.0,1476.0
2026-10-22 15:30:00,364,27,391,2026-10-22,15,1439.0,101.0,1540.0
2026-10-22 15:45:00,336,27,363,2026-10-22,15,1450.0,106.0,1556.0
2026-10-22 16:00:00,296,21,317,2026-10-22,16,1387.0,100.0,1487.0
2026-10-22 16:15:00,299,22,321,2026-10-22,16,1295.0,97.0,1392.0
2026-10-22 16:30:00,327,17,344,2026-10-22,16,1258.0,87.0,1345.0
2026-10-22 16:45:00,343,14,357,2026-10-22,16,1265.0,74.0,1339.0
2026-10-22 17:00:00,335,18,353,2026-10-22,17,1304.0,71.0,1375.0
2026-10-22 17:15:00,352,14,366,2026-10-22,17,1357.0,63.0,1420.0
2026-10-22 17:30:00,348,17,365,2026-10-22,17,1378.0,63.0,1441.0
2026-10-22 17:45:00,320,16,336,2026-10-22,17,1355.0,65.0,1420.0
2026-10-22 18:00:00,302,19,321,2026-10-22,18,1322.0,66.0,1388.0
2026-10-22 18:15:00,315,20,335,2026-10-22,18,1285.0,72.0,1357.0
2026-10-22 18:30:00,215,12,227,2026-10-22,18,1152.0,67.0,1219.0
2026-10-22 18:45:00,182,10,192,2026-10-22,18,1014.0,61.0,1075.0
2026-10-22 19:00:00,167,10,177,2026-10-22,19,879.0,52.0,931.0
2026-10-22 19:15:00,173,10,183,2026-10-22,19,737.0,42.0,779.0
2026-10-22 19:30:00,178,10,188,2026-10-22,19,700.0,40.0,740.0
2026-10-22 19:45:00,158,11,169,2026-10-22,19,676.0,41.0,717.0
2026-10-22 20:00:00,135,13,148,2026-10-22,20,644.0,44.0,688.0
2026-10-22 20:15:00,96,15,111,2026-10-22,20,567.0,49.0,616.0
2026-10-22 20:30:00,78,12,90,2026-10-22,20,467.0,51.0,518.0
2026-10-22 20:45:00,32,10,42,2026-10-22,20,341.0,50.0,391.0
2026-10-22 21:00:00,18,15,33,2026-10-22,21,224.0,52.0,276.0
2026-10-22 21:15:00,8,15,23,2026-10-22,21,136.0,52.0,188.0
2026-10-22 21:30:00,5,11,16,2026-10-22,21,63.0,51.0,114.0
2026-10-22 21:45:00,2,7,9,2026-10-22,21,33.0,48.0,81.0
2026-10-22 22:00:00,0,6,6,2026-10-22,22,15.0,39.0,54.0
2026-10-22 22:15:00,0,7,7,2026-10-22,22,7.0,31.0,38.0
2026-10-22 22:30:00,0,5,5,2026-10-22,22,2.0,25.0,27.0
2026-10-22 22:45:00,0,5,5,2026-10-22,22,0.0,23.0,23.0
2026-10-22 23:00:00,0,5,5,2026-10-22,23,0.0,22.0,22.0
2026-10-22 23:15:00,0,6,6,2026-10-22,23,0.0,21.0,21.0
2026-10-22 23:30:00,0,4,4,2026-10-22,23,0.0,20.0,20.0
2026-10-22 23:45:00,0,2,2,2026-10-22,23,0.0,17.0,17.0
2026-10-23 03:00:00,47,44,91,2026-10-23,3,47.0,44.0,91.0
2026-10-23 03:15:00,71,60,131,2026-10-23,3,118.0,104.0,222.0
2026-10-23 03:30:00,193,36,229,2026-10-23,3,311.0,140.0,451.0
2026-10-23 03:45:00,459,66,525,2026-10-23,3,770.0,206.0,976.0
2026-10-23 04:00:00,598,24,622,2026-10-23,4,1321.0,186.0,1507.0
2026-10-23 04:15:00,671,33,704,2026-10-23,4,1921.0,159.0,2080.0
2026-10-23 04:30:00,659,52,711,2026-10-23,4,2387.0,175.0,2562.0
2026-10-23 04:45:00,602,71,673,2026-10-23,4,2530.0,180.0,2710.0
2026-10-23 05:00:00,526,53,579,2026-10-23,5,2458.0,209.0,2667.0
2026-10-23 05:15:00,464,43,507,2026-10-23,5,2251.0,219.0,2470.0
2026-10-23 05:30:00,406,59,465,2026-10-23,5,1998.0,226.0,2224.0
2026-10-23 05:45:00,355,56,411,2026-10-23,5,1751.0,211.0,1962.0
2026-10-23 06:00:00,304,31,335,2026-10-23,6,1529.0,189.0,1718.0
2026-10-23 06:15:00,373,39,412,2026-10-23,6,1438.0,185.0,1623.0
2026-10-23 06:30:00,496,40,536,2026-10-23,6,1528.0,166.0,1694.0
2026-10-23 06:45:00,456,38,494,2026-10-23,6,1629.0,148.0,1777.0
2026-10-23 07:00:00,446,37,483,2026-10-23,7,1771.0,154.0,1925.0
2026-10-23 07:15:00,486,40,526,2026-10-23,7,1884.0,155.0,2039.0
2026-10-23 07:30:00,463,39,502,2026-10-23,7,1851.0,154.0,2005.0
2026-10-23 07:45:00,466,39,505,2026-10-23,7,1861.0,155.0,2016.0
2026-10-23 08:00:00,423,35,458,2026-10-23,8,1838.0,153.0,1991.0
2026-10-23 08:15:00,460,29,489,2026-10-23,8,1812.0,142.0,1954.0
2026-10-23 08:30:00,445,31,476,2026-10-23,8,1794.0,134.0,1928.0
2026-10-23 08:45:00,429,22,451,2026-10-23,8,1757.0,117.0,1874.0
2026-10-23 09:00:00,399,30,429,2026-10-23,9,1733.0,112.0,1845.0
2026-10-23 09:15:00,414,33,447,2026-10-23,9,1687.0,116.0,1803.0
2026-10-23 09:30:00,383,53,436,2026-10-23,9,1625.0,138.0,1763.0
2026-10-23 09:45:00,382,41,423,2026-10-23,9,1578.0,157.0,1735.0
2026-10-23 10:00:00,415,53,468,2026-10-23,10,1594.0,180.0,1774.0
2026-10-23 10:15:00,419,51,470,2026-10-23,10,1599.0,198.0,1797.0
2026-10-23 10:30:00,457,44,501,2026-10-23,10,1673.0,189.0,1862.0
2026-10-23 10:45:00,444,44,488,2026-10-23,10,1735.0,192.0,1927.0
2026-10-23 11:00:00,524,39,563,2026-10-23,11,1844.0,178.0,2022.0
2026-10-23 11:15:00,592,48,640,2026-10-23,11,2017.0,175.0,2192.0
2026-10-23 11:30:00,670,63,733,2026-10-23,11,2230.0,194.0,2424.0
2026-10-23 11:45:00,696,62,758,2026-10-23,11,2482.0,212.0,2694.0
2026-10-23 12:00:00,642,51,693,2026-10-23,12,2600.0,224.0,2824.0
2026-10-23 12:15:00,651,50,701,2026-10-23,12,2659.0,226.0,2885.0
2026-10-23 12:30:00,594,50,644,2026-10-23,12,2583.0,213.0,2796.0
2026-10-23 12:45:00,564,56,620,2026-10-23,12,2451.0,207.0,2658.0
2026-10-23 13:00:00,523,42,565,2026-10-23,13,2332.0,198.0,2530.0
2026-10-23 13:15:00,412,45,457,2026-10-23,13,2093.0,193.0,2286.0
2026-10-23 13:30:00,374,50,424,2026-10-23,13,1873.0,193.0,2066.0
2026-10-23 13:45:00,346,40,386,2026-10-23,13,1655.0,177.0,1832.0
2026-10-23 14:00:00,289,27,316,2026-10-23,14,1421.0,162.0,1583.0
2026-10-23 14:15:00,214,29,243,2026-10-23,14,1223.0,146.0,1369.0
2026-10-23 14:30:00,240,25,265,2026-10-23,14,1089.0,121.0,1210.0
2026-10-23 14:45:00,306,23,329,2026-10-23,14,1049.0,104.0,1153.0
2026-10-23 15:00:00,345,19,364,2026-10-23,15,1105.0,96.0,1201.0
2026-10-23 15:15:00,387,19,406,2026-10-23,15,1278.0,86.0,1364.0
2026-10-23 15:30:00,388,24,412,2026-10-23,15,1426.0,85.0,1511.0
2026-10-23 15:45:00,459,22,481,2026-10-23,15,1579.0,84.0,1663.0
2026-10-23 16:00:00,460,22,482,2026-10-23,16,1694.0,87.0,1781.0
2026-10-23 16:15:00,407,25,432,2026-10-23,16,1714.0,93.0,1807.0
2026-10-23 16:30:00,392,15,407,2026-10-23,16,1718.0,84.0,1802.0
2026-10-23 16:45:00,389,21,410,2026-10-23,16,1648.0,83.0,1731.0
2026-10-23 17:00:00,384,12,396,2026-10-23,17,1572.0,73.0,1645.0
2026-10-23 17:15:00,384,16,400,2026-10-23,17,1549.0,64.0,1613.0
2026-10-23 17:30:00,375,19,394,2026-10-23,17,1532.0,68.0,1600.0
2026-10-23 17:45:00,366,16,382,2026-10-23,17,1509.0,63.0,1572.0
2026-10-23 18:00:00,308,22,330,2026-10-23,18,1433.0,73.0,1506.0
2026-10-23 18:15:00,277,19,296,2026-10-23,18,1326.0,76.0,1402.0
2026-10-23 18:30:00,179,14,193,2026-10-23,18,1130.0,71.0,1201.0
2026-10-23 18:45:00,155,13,168,2026-10-23,18,919.0,68.0,987.0
2026-10-23 19:00:00,128,11,139,2026-10-23,19,739.0,57.0,796.0
2026-10-23 19:15:00,133,11,144,2026-10-23,19,595.0,49.0,644.0
2026-10-23 19:30:00,129,13,142,2026-10-23,19,545.0,48.0,593.0
2026-10-23 19:45:00,108,10,118,2026-10-23,19,498.0,45.0,543.0
2026-10-23 20:00:00,98,7,105,2026-10-23,20,468.0,41.0,509.0
2026-10-23 20:15:00,71,17,88,2026-10-23,20,406.0,47.0,453.0
2026-10-23 20:30:00,49,15,64,2026-10-23,20,326.0,49.0,375.0
2026-10-23 20:45:00,35,16,51,2026-10-23,20,253.0,55.0,308.0
2026-10-23 21:00:00,16,15,31,2026-10-23,21,171.0,63.0,234.0
2026-10-23 21:15:00,7,12,19,2026-10-23,21,107.0,58.0,165.0
2026-10-23 21:30:00,8,8,16,2026-10-23,21,66.0,51.0,117.0
2026-10-23 21:45:00,5,8,13,2026-10-23,21,36.0,43.0,79.0
2026-10-23 22:00:00,5,4,9,2026-10-23,22,25.0,32.0,57.0
2026-10-23 22:15:00,4,3,7,2026-10-23,22,22.0,23.0,45.0
2026-10-23 22:30:00,4,4,8,2026-10-23,22,18.0,19.0,37.0
2026-10-23 22:45:00,1,2,3,2026-10-23,22,14.0,13.0,27.0
2026-10-23 23:00:00,1,6,7,2026-10-23,23,10.0,15.0,25.0
2026-10-23 23:15:00,1,5,6,2026-10-23,23,7.0,17.0,24.0
2026-10-23 23:30:00,1,3,4,2026-10-23,23,4.0,16.0,20.0
2026-10-23 23:45:00,1,3,4,2026-10-23,23,4.0,17.0,21.0
